Depth	Speed	Tip	Friction	Pressure	SBT
0.066	2	0.3716	0.21973	-0.09607	5
0.131	2	0.36937	0.22392	-0.09681	5
0.197	2.29	0.37175	0.21719	-0.09771	5
0.262	0.89	0.37124	0.21538	-0.0987	5
0.328	2	0.3731	0.21595	-0.09716	4
0.394	2.29	0.37806	0.21849	-0.09255	5
0.459	2	0.38502	0.22224	-0.08859	5
0.525	2	0.38942	0.22261	-0.09272	5
0.591	2.29	0.39563	0.22461	-0.09181	5
0.656	2	0.40189	0.2253	-0.09424	5
0.722	2.29	0.41205	0.2259	-0.09863	5
0.787	2	0.42416	0.22674	-0.10293	5
0.853	2.29	0.42078	0.23112	-0.10298	5
0.919	2	0.41368	0.23287	-0.1008	5
0.984	2	0.4066	0.23222	-0.10011	5
1.05	2.29	0.40304	0.2435	-0.09935	5
1.115	2	0.4048	0.24823	-0.09872	5
1.181	2	0.42345	0.25162	-0.09823	5
1.247	2.29	0.44879	0.26426	-0.09788	5
1.312	2	0.45812	0.27973	-0.09735	5
1.378	2.29	0.44748	0.28486	-0.09817	5
1.444	2	0.43831	0.28974	-0.10232	5
1.509	2.29	0.43691	0.29496	-0.10415	5
1.575	2	0.43205	0.30369	-0.10493	5
1.64	2.29	0.42068	0.30753	-0.10448	5
1.706	2	0.41353	0.29906	-0.10506	5
1.772	2.29	0.40718	0.291	-0.10273	5
1.837	2	0.40417	0.28408	-0.10253	5
1.903	2	0.40268	0.27782	-0.10155	5
1.969	2.29	0.40297	0.26875	-0.10097	5
2.034	2	0.40123	0.26148	-0.10014	5
2.1	2.29	0.40508	0.26087	-0.09994	5
2.165	2	0.4059	0.26135	-0.09965	5
2.231	2.29	0.40792	0.26169	-0.09912	5
2.297	2	0.40883	0.25998	-0.09958	5
2.362	2	0.40485	0.25646	-0.09986	5
2.428	2.29	0.40426	0.2526	-0.09964	5
2.493	2	0.4169	0.24285	-0.09888	5
2.559	2	0.43832	0.23051	-0.09867	5
2.625	2.29	0.44819	0.22887	-0.0997	5
2.69	2	0.44491	0.23041	-0.10121	5
2.756	2.29	0.43783	0.23515	-0.102	5
2.822	2.21	0.42845	0.23952	-0.10218	5
2.887	2	0.42332	0.24253	-0.10205	5
2.953	2	0.4234	0.24071	-0.10206	5
3.018	2.29	0.42562	0.23461	-0.10251	5
3.084	2	0.428	0.22863	-0.1033	5
3.15	2.29	0.43018	0.22813	-0.10437	5
3.215	2	0.43215	0.22764	-0.10509	5
3.281	0.21	0.43372	0.21718	-0.10542	5
3.346	2	0.43354	0.21664	-0.10553	5
3.412	2.29	0.43658	0.21542	-0.10559	5
3.478	2	0.44764	0.2155	-0.10562	5
3.543	2	0.45967	0.21662	-0.10574	5
3.609	2.29	0.46114	0.21863	-0.10172	5
3.675	2	0.4579	0.22142	-0.1034	5
3.74	2.29	0.45125	0.22434	-0.10084	5
3.806	2	0.44292	0.22516	-0.09607	4
3.871	2	0.43411	0.22697	-0.09548	4
3.937	2.29	0.42503	0.23076	-0.09555	4
4.003	2	0.41439	0.23603	-0.09533	4
4.068	2.29	0.40436	0.23369	-0.09532	4
4.134	2	0.39715	0.22723	-0.09525	4
4.199	2.29	0.39167	0.2253	-0.09477	4
4.265	2	0.38597	0.22587	-0.09433	4
4.331	2	0.38222	0.22457	-0.09294	4
4.396	2.29	0.37984	0.22345	-0.09184	4
4.462	2	0.37881	0.22462	-0.09055	4
4.528	2.29	0.37923	0.22726	-0.08939	4
4.593	2	0.37972	0.23186	-0.08805	4
4.659	2.29	0.38099	0.23641	-0.08699	4
4.724	2	0.38201	0.24159	-0.08661	4
4.79	2.29	0.382	0.244	-0.08631	4
4.856	2	0.38135	0.24517	-0.08603	5
4.921	2.29	0.38022	0.24396	-0.08575	5
4.987	2	0.37986	0.24107	-0.0854	5
5.052	2.29	0.37815	0.2391	-0.0853	5
5.118	2	0.37742	0.23723	-0.08491	5
5.184	2	0.37717	0.23476	-0.08478	5
5.249	2.29	0.37703	0.23455	-0.08478	5
5.315	2	0.37662	0.23399	-0.08463	5
5.381	2.29	0.3766	0.23497	-0.08429	5
5.446	2	0.37698	0.23681	-0.08404	5
5.512	2.29	0.3786	0.24038	-0.0838	5
5.577	2	0.38034	0.24298	-0.0834	5
5.643	2	0.38243	0.24475	-0.08308	5
5.709	2.29	0.38355	0.24855	-0.08291	5
5.774	2	0.38426	0.25163	-0.08321	5
5.84	2.29	0.38416	0.25327	-0.08334	5
5.906	2	0.38342	0.25409	-0.08295	5
5.971	2.29	0.38324	0.25492	-0.08324	5
6.037	2	0.38252	0.25615	-0.08325	5
6.102	2	0.38099	0.25367	-0.08329	5
6.168	2.29	0.3792	0.24792	-0.08325	5
6.234	2	0.37885	0.24486	-0.08395	5
6.299	2	0.37762	0.243	-0.08462	4
6.365	2.29	0.37636	0.24037	-0.08455	5
6.43	0.13	0.37426	0.24088	-0.08438	5
6.496	2.29	0.37611	0.24142	-0.08446	5
6.562	2	0.38181	0.24393	-0.08406	5
6.627	2.29	0.38244	0.24523	-0.08335	5
6.693	2	0.38132	0.24589	-0.08305	5
6.759	2.29	0.38309	0.24407	-0.08301	5
6.824	2	0.38438	0.24218	-0.08319	4
6.89	2	0.38478	0.24359	-0.08298	4
6.955	2.29	0.38418	0.24403	-0.08277	4
7.021	2	0.38399	0.24416	-0.08255	4
7.087	2.29	0.38493	0.24705	-0.08281	4
7.152	2	0.3861	0.2511	-0.08288	4
7.218	2.29	0.386	0.25246	-0.08293	4
7.283	2	0.38558	0.25526	-0.08284	4
7.349	2	0.38576	0.25832	-0.08317	4
7.415	2.29	0.38519	0.2591	-0.08376	4
7.48	2	0.38431	0.25884	-0.08462	4
7.546	2	0.38458	0.25829	-0.08512	4
7.612	2.29	0.38588	0.25819	-0.08547	4
7.677	2	0.38712	0.25903	-0.08579	4
7.743	2.29	0.38811	0.26164	-0.086	4
7.808	2	0.38893	0.26437	-0.08661	4
7.874	2.29	0.38898	0.26512	-0.08707	4
7.94	2	0.38888	0.26407	-0.08737	4
8.005	2.29	0.38856	0.2636	-0.08805	4
8.071	2	0.38835	0.2651	-0.08843	4
8.136	2	0.38795	0.26621	-0.08885	5
8.202	2.29	0.38847	0.26743	-0.08879	5
8.268	2	0.3902	0.268	-0.08907	5
8.333	2.29	0.39136	0.26963	-0.08947	5
8.399	2	0.3913	0.27157	-0.08947	5
8.465	2.29	0.39062	0.27173	-0.08966	5
8.53	2	0.3907	0.27223	-0.09004	5
8.596	2.29	0.3905	0.27198	-0.09057	5
8.661	2	0.39068	0.27188	-0.0908	5
8.727	2	0.39001	0.27179	-0.09072	5
8.793	2.29	0.38918	0.27273	-0.09061	5
8.858	2	0.38923	0.27256	-0.09066	5
8.924	2	0.38929	0.27371	-0.09064	5
8.99	2.29	0.39026	0.2753	-0.09105	5
9.055	2	0.3927	0.2751	-0.09133	5
9.121	2.29	0.3948	0.27443	-0.09143	5
9.186	2	0.3958	0.27353	-0.09156	5
9.252	2.29	0.39461	0.27208	-0.09151	5
9.318	2	0.39238	0.26843	-0.09163	5
9.383	2	0.3896	0.26504	-0.09181	5
9.449	2.29	0.38778	0.26191	-0.09203	5
9.514	2	0.38574	0.25888	-0.09205	5
9.58	2.29	0.38503	0.25598	-0.09197	5
9.646	0.13	0.38566	0.25278	-0.09198	5
9.711	2.29	0.38682	0.25278	-0.09175	5
9.777	2	0.38801	0.25267	-0.09142	5
9.843	2	0.38923	0.25444	-0.09096	5
9.908	2.29	0.39048	0.25699	-0.09058	5
9.974	2	0.39157	0.26284	-0.08722	5
10.039	2.29	0.39246	0.26892	-0.08751	5
10.105	2	0.39227	0.2741	-0.0874	5
10.171	2	0.39147	0.27432	-0.08776	5
10.236	2.29	0.38944	0.27049	-0.08814	5
10.302	2	0.38624	0.26261	-0.08883	5
10.367	2.29	0.38412	0.25568	-0.08915	5
10.433	2	0.38243	0.2495	-0.0897	5
10.499	2	0.37834	0.2458	-0.08968	5
10.564	2.29	0.37618	0.24225	-0.08934	5
10.63	2	0.37641	0.24218	-0.08899	5
10.696	2	0.37896	0.24441	-0.08877	5
10.761	2.29	0.3826	0.24823	-0.08829	5
10.827	2	0.38334	0.25327	-0.08771	5
10.892	2.29	0.38617	0.25718	-0.08749	5
10.958	2	0.39002	0.263	-0.08722	5
11.024	2.29	0.39352	0.26981	-0.08694	5
11.089	2	0.39549	0.27682	-0.0869	5
11.155	2.29	0.39614	0.28074	-0.087	5
11.22	2	0.39494	0.27556	-0.08692	5
11.286	2.29	0.39279	0.27121	-0.0873	5
11.352	2	0.3909	0.26737	-0.08749	5
11.417	2	0.38943	0.26081	-0.08756	5
11.483	2.29	0.38778	0.25474	-0.08746	5
11.549	2	0.38626	0.24445	-0.08727	5
11.614	2.29	0.38499	0.23802	-0.08728	5
11.68	2	0.38333	0.23518	-0.08721	5
11.745	2.29	0.38252	0.23367	-0.08676	5
11.811	2	0.38261	0.23199	-0.0865	5
11.877	2	0.38306	0.22898	-0.086	5
11.942	2.29	0.38426	0.22691	-0.08565	5
12.008	2	0.38419	0.22634	-0.08524	5
12.073	2	0.38441	0.23014	-0.08496	5
12.139	2.29	0.38519	0.23301	-0.08454	5
12.205	2	0.38499	0.23259	-0.08411	5
12.27	2.29	0.38515	0.23128	-0.08363	5
12.336	2	0.39276	0.23437	-0.08247	5
12.402	2	0.40379	0.23701	-0.08168	5
12.467	2.29	0.40395	0.23895	-0.08186	4
12.533	2	0.3961	0.2427	-0.08209	4
12.598	2.29	0.39378	0.2464	-0.08165	5
12.664	2	0.39447	0.24944	-0.08059	4
12.73	2	0.39433	0.25475	-0.07959	4
12.795	2.29	0.39327	0.25853	-0.07905	4
12.861	0.2	0.39303	0.24398	-0.07901	4
12.927	2.29	0.39538	0.23877	-0.07869	4
12.992	2	0.40537	0.23589	-0.07841	4
13.058	2	0.41698	0.22869	-0.07885	4
13.123	2.29	0.42378	0.22968	-0.07998	4
13.189	2	0.43267	0.23692	-0.08117	4
13.255	2	0.42547	0.23923	-0.0846	4
13.32	2.29	0.41478	0.23951	-0.08621	5
13.386	2	0.40498	0.23921	-0.08646	5
13.451	2.25	0.39759	0.24012	-0.08581	5
13.517	2	0.3932	0.23984	-0.08483	5
13.583	2.29	0.39144	0.23783	-0.08367	5
13.648	2	0.3899	0.23492	-0.08255	5
13.714	2	0.38894	0.23462	-0.08119	5
13.78	2.29	0.38868	0.23615	-0.08011	5
13.845	2	0.38863	0.23728	-0.07905	5
13.911	2	0.38849	0.23817	-0.07822	5
13.976	2.29	0.38757	0.23879	-0.07728	5
14.042	2	0.38688	0.23977	-0.07648	5
14.108	2.29	0.38701	0.23994	-0.07588	4
14.173	2	0.38721	0.23957	-0.07538	4
14.239	2.29	0.38699	0.23928	-0.0745	4
14.304	2	0.38687	0.24032	-0.07393	4
14.37	2.29	0.38648	0.24049	-0.07326	4
14.436	2	0.38613	0.24188	-0.07271	5
14.501	2.29	0.38514	0.24137	-0.07222	5
14.567	2	0.38414	0.23951	-0.0718	5
14.633	2	0.38278	0.23809	-0.07118	5
14.698	2.29	0.38239	0.23674	-0.071	5
14.764	2	0.38275	0.23614	-0.07032	5
14.829	2.29	0.38295	0.23434	-0.06964	5
14.895	2	0.38308	0.23284	-0.0689	5
14.961	2.29	0.38365	0.23364	-0.06839	5
15.026	2	0.3844	0.2346	-0.06782	5
15.092	2	0.3844	0.23625	-0.06721	5
15.157	2.29	0.38349	0.23696	-0.06646	5
15.223	2	0.38334	0.23798	-0.06574	5
15.289	2	0.38388	0.23687	-0.06531	5
15.354	2.29	0.38435	0.23393	-0.06467	5
15.42	2	0.38329	0.23226	-0.06399	5
15.486	2.29	0.38302	0.23277	-0.06352	5
15.551	2	0.38401	0.23444	-0.06303	5
15.617	2.29	0.38407	0.23624	-0.06226	5
15.682	2	0.38446	0.2393	-0.06139	5
15.748	2	0.38413	0.24088	-0.06085	5
15.814	2.29	0.38371	0.24208	-0.06086	5
15.879	2	0.38397	0.23994	-0.06015	5
15.945	2	0.38453	0.23762	-0.05964	5
16.01	2.29	0.38476	0.23503	-0.05924	5
16.076	0.2	0.38449	0.2257	-0.05876	5
16.142	2.29	0.38424	0.22775	-0.05838	5
16.207	2	0.38463	0.23204	-0.0576	5
16.273	1.14	0.38467	0.23343	-0.05666	5
16.339	2	0.38414	0.23477	-0.05577	5
16.404	2.29	0.38427	0.23633	-0.04883	5
16.47	2	0.3837	0.23793	-0.04798	5
16.535	2	0.38317	0.23991	-0.04765	5
16.601	2.29	0.38272	0.23935	-0.04589	5
16.667	2	0.38234	0.23919	-0.04611	5
16.732	2	0.38193	0.2372	-0.04586	5
16.798	2.29	0.38132	0.23395	-0.04609	5
16.864	2	0.38036	0.23008	-0.04651	5
16.929	2	0.37986	0.22615	-0.04656	5
16.995	2.29	0.37932	0.22453	-0.04662	5
17.06	2	0.37958	0.22695	-0.04631	5
17.126	2	0.37967	0.22699	-0.04569	5
17.192	2.29	0.3806	0.22153	-0.0447	5
17.257	2	0.38335	0.22105	-0.04351	5
17.323	2.25	0.38912	0.21935	-0.04294	5
17.388	1.97	0.39407	0.21805	-0.04419	5
17.454	2	0.39188	0.21767	-0.04752	5
17.52	2.29	0.38698	0.21799	-0.04831	5
17.585	2	0.38279	0.2199	-0.04783	5
17.651	2.29	0.38033	0.2211	-0.04714	5
17.717	2	0.37972	0.22127	-0.0451	5
17.782	2.29	0.38031	0.22298	-0.04364	5
17.848	2	0.38057	0.22465	-0.04264	5
17.913	2	0.38048	0.2258	-0.04165	5
17.979	2.29	0.37986	0.22755	-0.04077	5
18.045	2	0.37997	0.22901	-0.03956	5
18.11	2.29	0.38067	0.22943	-0.03874	5
18.176	2	0.38165	0.22926	-0.0379	5
18.241	2	0.38213	0.23015	-0.03727	5
18.307	2.29	0.38203	0.23117	-0.03679	1
18.373	2	0.38134	0.23278	-0.03634	1
18.438	2.29	0.38073	0.23378	-0.03562	1
18.504	2	0.38054	0.23504	-0.03486	1
18.57	2	0.38069	0.23598	-0.03431	1
18.635	2	0.3808	0.23756	-0.03415	1
18.701	2.29	0.38035	0.23954	-0.03419	1
18.766	2	0.37994	0.24024	-0.03444	1
18.832	2.29	0.38008	0.23992	-0.03529	1
18.898	2	0.38025	0.23933	-0.03545	1
18.963	2	0.38092	0.23934	-0.03563	1
19.029	2.29	0.38104	0.2398	-0.03606	5
19.094	2	0.38143	0.2388	-0.03576	5
19.16	2	0.38145	0.23754	-0.03518	5
19.226	2.29	0.38111	0.23671	-0.0349	5
19.291	2	0.38004	0.23697	-0.03494	5
19.357	2	0.37914	0.23654	-0.03469	5
19.423	2.29	0.37859	0.23504	-0.03435	1
19.488	0.18	0.37841	0.23068	-0.03442	1
19.554	2.29	0.37834	0.2306	-0.03428	1
19.619	2	0.37799	0.23125	-0.03431	1
19.685	2	0.37785	0.23196	-0.03398	1
19.751	2.29	0.3779	0.23174	-0.03351	1
19.816	2	0.37846	0.23314	-0.03229	1
19.882	2	0.37913	0.23354	-0.03112	1
19.948	2.29	0.37953	0.23301	-0.03057	1
20.013	2	0.37998	0.2319	-0.02995	1
20.079	2.29	0.38039	0.22929	-0.02967	1
20.144	2	0.37997	0.22839	-0.02944	1
20.21	2	0.37918	0.22794	-0.02905	1
20.276	2.29	0.37932	0.22665	-0.02838	1
20.341	2	0.37913	0.22573	-0.02725	1
20.407	2	0.37898	0.22509	-0.02652	1
20.472	2.29	0.37889	0.22375	-0.02591	1
20.538	2	0.37937	0.22502	-0.02508	1
20.604	2	0.3794	0.22543	-0.02482	1
20.669	2.29	0.37955	0.22721	-0.02377	1
20.735	2	0.37946	0.22961	-0.02284	1
20.801	2.29	0.3789	0.23042	-0.02184	1
20.866	2	0.37879	0.23204	-0.02082	1
20.932	2.29	0.37885	0.23217	-0.02015	1
20.997	2	0.37913	0.23156	-0.01973	1
21.063	2.29	0.37908	0.23175	-0.01968	1
21.129	2	0.37909	0.23113	-0.0193	1
21.194	2	0.37871	0.23181	-0.01881	1
21.26	2.25	0.37892	0.23352	-0.01789	1
21.325	2	0.37959	0.22909	-0.01697	1
21.391	2.29	0.38042	0.22655	-0.01645	1
21.457	2	0.38204	0.22338	-0.01603	1
21.522	2.29	0.38372	0.22197	-0.01594	1
21.588	2	0.38301	0.21881	-0.01566	1
21.654	2.29	0.38169	0.21963	-0.01493	1
21.719	2	0.38175	0.22464	-0.01405	1
21.785	2	0.38187	0.2269	-0.0129	1
21.85	2.29	0.38231	0.22428	-0.01147	1
21.916	2	0.38418	0.22186	-0.0092	1
21.982	2	0.38563	0.21988	-0.00864	1
22.047	2.29	0.38765	0.22012	-0.00991	1
22.113	2	0.38688	0.22235	-0.01093	1
22.178	2.29	0.38303	0.2282	-0.01122	1
22.244	2	0.3802	0.23111	-0.00941	1
22.31	2	0.38065	0.22231	-0.00705	1
22.375	2.29	0.38381	0.21914	-0.00461	1
22.441	2	0.40456	0.22321	-0.00183	1
22.507	2	0.42914	0.23144	-0.00407	1
22.572	2.29	0.43115	0.23475	-0.03572	5
22.638	0.17	0.41588	0.23959	-0.03979	5
22.703	2.29	0.407	0.24453	-0.03772	5
22.769	2	0.40553	0.2433	-0.03312	5
22.835	2.29	0.40492	0.24513	-0.03408	5
22.9	2	0.39925	0.25045	-0.03937	5
22.966	2.29	0.40116	0.25004	-0.03117	5
23.031	2	0.40279	0.24628	-0.03751	5
23.097	2	0.39424	0.2402	-0.04005	5
23.163	2.29	0.38774	0.2368	-0.03913	5
23.228	2	0.38329	0.2358	-0.03789	5
23.294	2	0.38193	0.22605	-0.03635	5
23.36	2.29	0.38309	0.22106	-0.03389	5
23.425	2	0.38321	0.22002	-0.03172	5
23.491	2.29	0.38166	0.21973	-0.02974	5
23.556	2	0.37989	0.22034	-0.02795	5
23.622	2	0.37873	0.22133	-0.02517	5
23.688	2.29	0.37824	0.22429	-0.02219	1
23.753	2	0.37883	0.22817	-0.01902	1
23.819	2	0.38062	0.23132	-0.01596	1
23.885	2.29	0.38328	0.23125	-0.01229	1
23.95	2	0.38974	0.22915	-0.00923	1
24.016	2.29	0.40212	0.22813	-0.00686	1
24.081	2	0.4121	0.22152	-0.0115	1
24.147	2.29	0.41279	0.22335	-0.02431	5
24.213	2	0.41136	0.21901	-0.02828	5
24.278	2	0.40523	0.22261	-0.02999	5
24.344	2.29	0.39812	0.22468	-0.03002	5
24.409	2	0.38962	0.22817	-0.02778	5
24.475	2.29	0.38723	0.23005	-0.02544	5
24.541	2	0.38485	0.23105	-0.02272	5
24.606	2.29	0.38221	0.23255	-0.02627	5
24.672	2	0.38169	0.23523	-0.02329	5
24.738	2.29	0.38129	0.2335	-0.02045	5
24.803	2	0.38073	0.23243	-0.01837	1
24.869	2	0.38024	0.22991	-0.01579	1
24.934	2.29	0.38386	0.22481	-0.01345	1
25	2	0.39758	0.22549	-0.01061	1
25.066	2	0.40962	0.22908	-0.00972	1
25.131	2.24	0.41063	0.23515	-0.02269	5
25.197	2	0.39962	0.23586	-0.02466	5
25.262	2.29	0.39165	0.23623	-0.02193	5
25.328	2	0.3889	0.23575	-0.017	5
25.394	2	0.39436	0.23425	-0.01197	1
25.459	2.29	0.39591	0.2326	-0.0085	1
25.525	2	0.39113	0.23227	-0.00801	1
25.591	2	0.38675	0.23869	-0.0068	1
25.656	2.29	0.39143	0.24346	-0.00267	1
25.722	2	0.40709	0.24341	0.00079	1
25.787	2.29	0.41141	0.24349	-0.00179	1
25.853	0.18	0.40288	0.23578	-0.01779	5
25.919	2.29	0.39374	0.24076	-0.01878	5
25.984	2	0.38871	0.24035	-0.01814	5
26.05	2.29	0.38585	0.23743	-0.01481	5
26.115	2	0.38435	0.23697	-0.01055	1
26.181	2	0.37995	0.23865	0.01391	1
26.247	2.29	0.38552	0.23527	0.01578	1
26.312	2	0.38937	0.2307	0.01855	1
26.378	2	0.39569	0.23103	0.02092	1
26.444	2.29	0.40101	0.22903	0.01931	1
26.509	2	0.40182	0.23077	0.01273	1
26.575	2.29	0.39664	0.23149	0.00795	1
26.64	2	0.39061	0.23196	0.00497	1
26.706	2	0.38678	0.23185	0.00536	1
26.772	2.29	0.38569	0.23028	0.00788	1
26.837	2	0.38492	0.22532	0.00946	1
26.903	2	0.38398	0.22634	0.01107	1
26.969	2.29	0.38386	0.22778	0.01332	1
27.034	2	0.38381	0.22893	0.01587	1
27.1	2.29	0.38374	0.23032	0.01763	1
27.165	2	0.38323	0.23236	0.01917	1
27.231	2.29	0.38279	0.23535	0.01912	1
27.297	2	0.38309	0.23865	0.01969	1
27.362	2.29	0.38486	0.23788	0.02174	1
27.428	2	0.3898	0.23188	0.02315	1
27.493	2	0.39633	0.22501	0.02339	1
27.559	2.29	0.39826	0.22271	0.01757	1
27.625	2	0.39135	0.22138	0.00372	1
27.69	2	0.3858	0.22224	0.00235	1
27.756	2.29	0.38215	0.22293	0.00535	1
27.822	2	0.38141	0.22196	0.01009	1
27.887	2.29	0.38119	0.22146	0.01381	1
27.953	2	0.38122	0.22263	0.01752	1
28.018	2.29	0.3817	0.22435	0.0206	1
28.084	2	0.3821	0.22592	0.02337	1
28.15	2	0.38213	0.22778	0.02705	1
28.215	2.29	0.3821	0.22892	0.02979	1
28.281	2	0.38228	0.22973	0.03273	1
28.346	2	0.38254	0.22985	0.03494	1
28.412	2.29	0.38248	0.23005	0.03699	1
28.478	2	0.38275	0.23016	0.03862	1
28.543	2.29	0.38297	0.23034	0.03998	1
28.609	2	0.38293	0.23084	0.04189	1
28.675	2	0.38283	0.23061	0.04344	1
28.74	2.29	0.38257	0.23085	0.04483	1
28.806	2	0.38248	0.23072	0.04664	1
28.871	2	0.38265	0.23036	0.04809	1
28.937	2.29	0.38266	0.23059	0.04951	1
29.003	1.94	0.38298	0.23082	0.05051	1
29.068	0.17	0.38302	0.23196	0.05136	1
29.134	2	0.38283	0.23232	0.05338	1
29.199	2	0.38299	0.23229	0.05434	2
29.265	2.29	0.38281	0.2323	0.05552	2
29.331	2	0.38272	0.2326	0.05611	2
29.396	2	0.38309	0.23311	0.05515	2
29.462	2.29	0.38333	0.23355	0.05825	2
29.528	2	0.38345	0.23372	0.06021	2
29.593	2.29	0.3839	0.23382	0.06246	2
29.659	2	0.38443	0.23409	0.06488	2
29.724	2	0.38488	0.23648	0.06761	2
29.79	2.24	0.38542	0.23492	0.06951	2
29.856	2	0.38558	0.24838	0.0724	2
29.921	2.29	0.38633	0.25215	0.07436	2
29.987	2	0.38872	0.2533	0.07837	2
30.052	2	0.40408	0.25358	0.08227	2
30.118	2	0.41103	0.25559	0.07503	1
30.184	2.29	0.38934	0.25866	0.06469	1
30.249	2	0.39055	0.2602	0.06765	1
30.315	2.29	0.39706	0.24903	0.07192	1
30.381	2	0.4004	0.25216	0.07347	1
30.446	2.29	0.39803	0.25291	0.08064	1
30.512	2	0.3962	0.25378	0.08992	1
30.577	2.29	0.39748	0.26098	0.08677	1
30.643	2	0.40173	0.25891	0.08366	1
30.709	2	0.40729	0.25728	0.06698	1
30.774	2.29	0.40796	0.25604	0.01272	1
30.84	2	0.39959	0.25648	-0.01335	5
30.906	2	0.39207	0.25692	-0.00972	5
30.971	2.29	0.3897	0.25663	-0.00037	5
31.037	2	0.3885	0.24866	0.00645	1
31.102	2.29	0.38791	0.24777	0.01156	1
31.168	2	0.38767	0.24656	0.01444	1
31.234	2.29	0.38794	0.24535	0.01767	1
31.299	2	0.38763	0.24236	0.0213	1
31.365	2	0.38504	0.23919	0.0244	1
31.43	2	0.38274	0.239	0.02626	1
31.496	2.29	0.38283	0.24025	0.02815	1
31.562	2	0.3834	0.23963	0.03048	1
31.627	2.29	0.38406	0.23991	0.03297	1
31.693	2	0.38494	0.24047	0.03489	1
31.759	2	0.3852	0.24214	0.03516	1
31.824	2.29	0.38492	0.24406	0.03633	1
31.89	2	0.38463	0.24539	0.03803	1
31.955	0.89	0.38444	0.24747	0.04018	1
32.021	2	0.38496	0.24948	0.04145	1
32.087	2.29	0.38585	0.25114	0.04142	1
32.152	2	0.38658	0.25261	0.0419	1
32.218	2	0.38736	0.25209	0.04277	1
32.283	2.29	0.38936	0.25182	0.04406	1
32.349	2	0.391	0.25102	0.04203	1
32.415	2	0.39137	0.25133	0.07319	1
32.48	2.29	0.38903	0.25069	0.07589	1
32.546	2	0.38898	0.2513	0.0648	1
32.612	0.18	0.3892	0.25375	0.07164	1
32.677	2	0.3894	0.25461	0.06359	1
32.743	2.29	0.38906	0.2563	0.0603	1
32.808	2	0.38943	0.25706	0.05457	1
32.874	2.29	0.38958	0.25743	0.04796	1
32.94	2	0.38922	0.2584	0.03977	1
33.005	2	0.38915	0.25886	0.03702	1
33.071	2.29	0.38866	0.25955	0.03625	1
33.136	2	0.38808	0.25969	0.03583	1
33.202	2	0.3878	0.2587	0.03441	1
33.268	2.29	0.38674	0.25632	0.03349	1
33.333	2	0.38584	0.25287	0.03058	1
33.399	2.29	0.38453	0.24841	0.02839	1
33.465	2	0.38282	0.24376	0.0268	1
33.53	2	0.38139	0.23966	0.02747	1
33.596	2	0.38094	0.23746	0.02819	1
33.661	2.29	0.38122	0.23722	0.03208	1
33.727	2	0.38244	0.23989	0.03666	1
33.793	2.29	0.38471	0.24334	0.04025	1
33.858	2	0.38642	0.24874	0.04396	1
33.924	2.29	0.38782	0.25216	0.0472	1
33.99	2	0.38868	0.25334	0.04471	1
34.055	2.29	0.38946	0.25462	0.04369	1
34.121	2	0.38986	0.25655	0.04269	1
34.186	2	0.39019	0.25639	0.04391	1
34.252	2.29	0.38994	0.25543	0.04519	1
34.318	2	0.39023	0.25431	0.04687	1
34.383	2	0.39015	0.25366	0.04766	1
34.449	2.29	0.38982	0.25515	0.04834	1
34.514	2	0.38952	0.25532	0.04985	1
34.58	2.29	0.38919	0.25509	0.04961	1
34.646	2	0.38938	0.2548	0.05124	1
34.711	2.29	0.38972	0.25398	0.04999	1
34.777	1.97	0.38936	0.25352	0.04942	1
34.843	2	0.38902	0.25279	0.04776	1
34.908	2.29	0.3887	0.25231	0.04518	1
34.974	2	0.3878	0.25155	0.04388	1
35.039	2	0.3869	0.25127	0.04398	1
35.105	2.29	0.38709	0.2518	0.04327	1
35.171	2	0.38759	0.25277	0.04436	1
35.236	2.29	0.38777	0.2535	0.04477	1
35.302	2	0.3889	0.25474	0.0459	1
35.367	2	0.3894	0.25464	0.04495	1
35.433	2.29	0.38941	0.2555	0.04536	1
35.499	2	0.38926	0.25567	0.04479	1
35.564	2	0.38875	0.25567	0.04676	1
35.63	2.29	0.38875	0.25609	0.04615	1
35.696	2	0.38894	0.2565	0.04455	1
35.761	2.29	0.38951	0.25665	0.04403	1
35.827	0.2	0.38994	0.25608	0.04388	1
35.892	2	0.3902	0.25596	0.04324	1
35.958	2	0.3903	0.2564	0.04232	1
36.024	2.24	0.39121	0.25236	0.03993	1
36.089	2	0.39279	0.24968	0.03815	1
36.155	2.29	0.39988	0.24888	0.03087	1
36.22	2	0.39977	0.24319	0.02404	1
36.286	2	0.39677	0.2371	0.0293	1
36.352	2.29	0.39963	0.23518	0.03279	1
36.417	2	0.40348	0.23777	0.03708	1
36.483	2	0.40107	0.23759	0.03811	1
36.549	2.29	0.39665	0.24064	0.04037	1
36.614	2	0.39455	0.24362	0.04384	1
36.68	2	0.39525	0.24525	0.04636	1
36.745	2.29	0.38764	0.24672	0.05511	1
36.811	2	0.38642	0.24863	0.05531	1
36.877	2	0.38666	0.24621	0.05388	1
36.942	2.29	0.38689	0.24619	0.05545	1
37.008	2	0.38722	0.2461	0.0577	1
37.073	2.29	0.38738	0.24727	0.06021	1
37.139	2	0.38731	0.24816	0.06113	1
37.205	2.29	0.38662	0.24882	0.05829	1
37.27	2	0.38625	0.24843	0.05796	1
37.336	2	0.38612	0.24709	0.05638	1
37.402	2.29	0.38628	0.24644	0.05635	1
37.467	2	0.3873	0.2455	0.05815	1
37.533	2.29	0.38824	0.24367	0.05978	1
37.598	2	0.3886	0.24281	0.06516	1
37.664	2	0.38906	0.24244	0.06849	1
37.73	2.29	0.38985	0.24154	0.07106	1
37.795	2	0.38866	0.24095	0.07426	1
37.861	2.29	0.38661	0.24094	0.07492	1
37.927	2	0.38536	0.24127	0.07567	1
37.992	2	0.38361	0.23937	0.08025	1
38.058	2.29	0.38281	0.23863	0.08032	2
38.123	2	0.38271	0.23938	0.08097	2
38.189	2	0.38296	0.24055	0.08152	2
38.255	2.29	0.38408	0.2422	0.083	2
38.32	2	0.38585	0.24436	0.08376	2
38.386	2	0.38552	0.24678	0.08405	1
38.451	2.29	0.38641	0.24861	0.07914	1
38.517	2	0.38744	0.25176	0.07094	1
38.583	2.29	0.38801	0.25241	0.06405	1
38.648	2	0.38844	0.25372	0.05759	1
38.714	2	0.389	0.25577	0.05435	1
38.78	2.29	0.38955	0.25685	0.0503	1
38.845	2	0.39047	0.25568	0.04897	1
38.911	2	0.39205	0.25599	0.04823	1
38.976	0.21	0.39414	0.25822	0.04854	1
39.042	2	0.39335	0.2603	0.049	1
39.108	2.29	0.39154	0.25947	0.04717	1
39.173	2	0.39216	0.25841	0.04631	1
39.239	2	0.39202	0.25772	0.04402	1
39.304	2.29	0.39231	0.25855	0.05106	1
39.37	2	0.39244	0.25842	0.04234	1
39.436	2	0.39266	0.25812	0.04144	1
39.501	2.29	0.39343	0.2602	0.03963	1
39.567	2	0.39401	0.26194	0.03758	1
39.633	2	0.39464	0.2625	0.03726	1
39.698	2.29	0.39674	0.26246	0.03885	1
39.764	1.97	0.39951	0.26271	0.03895	1
39.829	2.29	0.39494	0.26284	0.03964	1
39.895	2	0.39527	0.26529	0.03481	1
39.961	2	0.39582	0.26459	0.0336	1
40.026	2.25	0.39635	0.26527	0.03339	1
40.092	2	0.39728	0.26478	0.03449	1
40.157	2	0.39818	0.26508	0.03344	1
40.223	2.29	0.39878	0.26724	0.03245	1
40.289	2	0.39844	0.26736	0.03247	1
40.354	2.29	0.39835	0.26725	0.03373	1
40.42	2	0.39842	0.26782	0.03377	1
40.486	2.29	0.39858	0.26932	0.0321	1
40.551	2	0.39866	0.26995	0.03255	1
40.617	2	0.39865	0.26929	0.03205	1
40.682	2.29	0.3984	0.26926	0.03139	5
40.748	2	0.39764	0.26913	0.03059	5
40.814	2.29	0.39709	0.26876	0.02958	5
40.879	2	0.3964	0.26875	0.02874	5
40.945	2	0.39555	0.26828	0.02782	5
41.01	2.29	0.3945	0.26762	0.02643	5
41.076	2	0.39361	0.26621	0.0244	5
41.142	2.29	0.39332	0.26474	0.02261	5
41.207	2	0.39327	0.26223	0.02227	5
41.273	2	0.39294	0.25939	0.02388	5
41.339	2.29	0.39238	0.25811	0.02574	5
41.404	2	0.39205	0.25871	0.02842	5
41.47	2	0.39242	0.25953	0.02954	5
41.535	2.29	0.39258	0.26062	0.03163	5
41.601	2	0.39258	0.26026	0.03313	1
41.667	2	0.393	0.26021	0.03422	1
41.732	2.29	0.39346	0.26001	0.03595	1
41.798	2	0.39356	0.26064	0.03739	1
41.864	2.29	0.39384	0.26088	0.03931	1
41.929	2	0.39424	0.26067	0.04063	1
41.995	2	0.39538	0.26077	0.04316	1
42.06	2.29	0.39617	0.262	0.04437	1
42.126	2	0.39708	0.26401	0.04618	1
42.192	0.19	0.39721	0.2641	0.04783	1
42.257	2.29	0.3971	0.2641	0.04919	1
42.323	2	0.39668	0.26413	0.04933	1
42.388	2	0.39652	0.2642	0.05016	1
42.454	2.29	0.39642	0.26408	0.05092	1
42.52	2	0.3971	0.26468	0.05486	1
42.585	2.29	0.39772	0.26621	0.05568	1
42.651	1.88	0.39905	0.27034	0.05811	1
42.717	2.29	0.40132	0.27369	0.05884	1
42.782	2	0.40288	0.27589	0.06002	1
42.848	2	0.40368	0.27654	0.05967	1
42.913	2.29	0.40416	0.27895	0.05862	1
42.979	2	0.4045	0.27994	0.05852	1
43.045	2.29	0.40424	0.27969	0.05862	1
43.11	2	0.40359	0.28087	0.05967	1
43.176	2	0.40286	0.28113	0.05694	1
43.241	2	0.40159	0.2816	0.0541	1
43.307	2.29	0.40112	0.28171	0.05335	1
43.373	2	0.40034	0.27993	0.05203	1
43.438	2.29	0.39824	0.27444	0.05001	1
43.504	2	0.39676	0.26859	0.04959	1
43.57	2.29	0.39532	0.2652	0.04995	1
43.635	2	0.39564	0.26485	0.05229	1
43.701	2	0.39879	0.26663	0.05603	1
43.766	2.29	0.40243	0.26942	0.05789	1
43.832	2	0.40616	0.27704	0.05877	1
43.898	2.25	0.40664	0.28403	0.0571	1
43.963	2	0.40623	0.28898	0.05401	1
44.029	2	0.4075	0.28633	0.0531	1
44.094	2.29	0.40999	0.27969	0.0534	1
44.16	2	0.41376	0.27427	0.05538	1
44.226	2.29	0.41708	0.27004	0.05217	1
44.291	2	0.41694	0.26733	0.04877	1
44.357	2.29	0.41021	0.26576	0.05024	1
44.423	2	0.40508	0.26613	0.05443	1
44.488	2	0.40187	0.2674	0.05688	1
44.554	2.29	0.4002	0.26746	0.06622	1
44.619	2	0.40034	0.26895	0.07307	1
44.685	2	0.4012	0.27147	0.07491	1
44.751	2.24	0.40162	0.27378	0.07623	1
44.816	2	0.40205	0.27593	0.07273	1
44.882	2.29	0.4021	0.27833	0.07082	1
44.948	2	0.40178	0.27947	0.06924	1
45.013	2	0.40212	0.28057	0.06689	1
45.079	2.29	0.40254	0.28219	0.06623	1
45.144	2	0.40386	0.28458	0.06443	1
45.21	2	0.40509	0.28483	0.06319	1
45.276	2.29	0.4057	0.28497	0.0633	1
45.341	2	0.40536	0.2845	0.06306	1
45.407	0.18	0.40488	0.2843	0.0618	1
45.472	2	0.40496	0.28402	0.06065	1
45.538	2.29	0.40374	0.28197	0.0608	1
45.604	2	0.40252	0.28023	0.0603	1
45.669	2	0.40062	0.27858	0.06022	1
45.735	2.29	0.39968	0.27644	0.06386	1
45.801	2	0.39844	0.27507	0.06029	1
45.866	2	0.39849	0.2726	0.0606	1
45.932	2.29	0.39821	0.27068	0.06296	1
45.997	2	0.39897	0.27042	0.06711	1
46.063	2.29	0.40001	0.2719	0.07007	1
46.129	2	0.40132	0.27381	0.07086	1
46.194	2	0.40249	0.27614	0.07298	1
46.26	2.29	0.4037	0.27676	0.0744	1
46.325	2	0.40524	0.28063	0.07689	1
46.391	2	0.40742	0.28482	0.07713	1
46.457	2.29	0.40849	0.28786	0.07813	1
46.522	2	0.40783	0.28917	0.07845	1
46.588	2	0.4067	0.28862	0.07606	1
46.654	2.29	0.40539	0.28707	0.06971	1
46.719	2	0.40441	0.283	0.06594	1
46.785	2.29	0.40294	0.27631	0.06449	1
46.85	2	0.40265	0.27198	0.06698	1
46.916	2.29	0.40378	0.26981	0.06749	1
46.982	2	0.40549	0.2715	0.06846	1
47.047	2	0.40569	0.27351	0.07266	1
47.113	2.29	0.40494	0.27402	0.07744	1
47.178	2	0.40429	0.27668	0.08176	1
47.244	2.29	0.40444	0.27683	0.08354	1
47.31	2	0.40518	0.27691	0.08623	1
47.375	2	0.40546	0.27499	0.08818	1
47.441	2.29	0.40437	0.27362	0.09147	1
47.507	2	0.40516	0.27351	0.09189	1
47.572	2.29	0.40531	0.27456	0.09018	1
47.638	2	0.40425	0.27388	0.09279	1
47.703	2	0.40254	0.27236	0.09444	1
47.769	2.24	0.40193	0.27197	0.09214	1
47.835	2	0.40091	0.27349	0.09063	1
47.9	2	0.39998	0.27367	0.09046	1
47.966	2.29	0.39951	0.2733	0.08979	1
48.031	2	0.39845	0.2734	0.09099	1
48.097	2.29	0.39801	0.27459	0.08823	1
48.163	2	0.39733	0.2745	0.08684	1
48.228	2	0.39646	0.2718	0.08504	1
48.294	2.29	0.39578	0.26994	0.08409	1
48.36	2	0.39571	0.26871	0.08395	1
48.425	2	0.39588	0.26832	0.08312	1
48.491	2.29	0.39647	0.26884	0.08516	1
48.556	2	0.39682	0.2693	0.08591	1
48.622	0.19	0.39712	0.26968	0.08515	1
48.688	2	0.39707	0.27003	0.08481	1
48.753	2	0.39695	0.26972	0.08333	1
48.819	2.29	0.39634	0.26965	0.08276	1
48.885	2	0.3957	0.26795	0.08177	1
48.95	2	0.39526	0.26691	0.08629	1
49.016	2.29	0.39518	0.26645	0.08409	1
49.081	2	0.39514	0.26579	0.08438	1
49.147	2	0.39491	0.2658	0.0858	1
49.213	2.29	0.39496	0.26588	0.08627	1
49.278	2	0.39521	0.26594	0.08727	1
49.344	2.29	0.39522	0.26562	0.08834	1
49.409	2	0.39511	0.266	0.08988	1
49.475	2	0.39522	0.26663	0.08972	1
49.541	2	0.3947	0.2678	0.08918	1
49.606	2.29	0.39493	0.26743	0.08956	1
49.672	2	0.39542	0.26769	0.08956	1
49.738	2.21	0.39571	0.2695	0.08917	1
49.803	2	0.39632	0.27157	0.08809	1
49.869	2	0.39627	0.27178	0.08709	1
49.934	2.29	0.39641	0.27268	0.08608	1
50	2	0.39631	0.27209	0.08195	1
50.066	2.29	0.39605	0.27238	0.08009	1
50.131	2	0.39612	0.27165	0.0801	1
50.197	2.29	0.39673	0.27073	0.07967	1
50.262	2	0.39709	0.27099	0.07885	1
50.328	2	0.3978	0.27194	0.07777	1
50.394	2.29	0.39834	0.27214	0.07519	1
50.459	2	0.39896	0.27339	0.07693	1
50.525	2.29	0.40011	0.27361	0.07896	1
50.591	2	0.40076	0.27393	0.07915	1
50.656	2	0.40072	0.27616	0.07989	1
50.722	2.29	0.40115	0.27705	0.07891	1
50.787	2	0.40107	0.27837	0.07549	1
50.853	2	0.40051	0.27866	0.07482	1
50.919	2.29	0.40028	0.27708	0.07287	1
50.984	2	0.39987	0.27609	0.06984	1
51.05	2	0.39908	0.27512	0.0683	1
51.115	2.29	0.39801	0.27274	0.06592	1
51.181	2	0.39752	0.27069	0.06756	1
51.247	2	0.3982	0.26948	0.06854	1
51.312	2.29	0.39972	0.26954	0.0706	1
51.378	2	0.40071	0.26891	0.07289	1
51.444	2.29	0.40072	0.26813	0.07536	1
51.509	2	0.4001	0.26788	0.07328	1
51.575	2	0.39908	0.26767	0.07242	1
51.64	2.29	0.3978	0.2668	0.07194	1
51.706	1.97	0.39694	0.26842	0.07067	1
51.772	2.29	0.39617	0.26889	0.06922	1
51.837	0.5	0.3953	0.2672	0.06724	1
51.903	2.29	0.39515	0.26537	0.06741	1
51.969	2	0.39622	0.26529	0.06504	1
52.034	2	0.39686	0.26583	0.06441	1
52.1	2.29	0.39807	0.26531	0.06499	1
52.165	0.18	0.39834	0.26229	0.069	1
52.231	2	0.40082	0.26325	0.07274	1
52.297	2.29	0.40312	0.26482	0.07624	1
52.362	2	0.40436	0.26799	0.07848	1
52.428	2	0.40619	0.27297	0.08096	1
52.493	2	0.40724	0.27984	0.09113	1
52.559	2.29	0.40965	0.28268	0.09826	1
52.625	2	0.41064	0.28555	0.09738	1
52.69	2.29	0.41106	0.28673	0.10144	1
52.756	2	0.41355	0.2856	0.10607	1
52.822	2	0.41629	0.28668	0.10995	1
52.887	2.29	0.41516	0.28803	0.10826	1
52.953	2	0.40999	0.2874	0.10766	1
53.018	2	0.4079	0.28552	0.09688	1
53.084	2.29	0.40709	0.28572	0.0916	1
53.15	2	0.40556	0.28289	0.09144	1
53.215	2	0.40395	0.27975	0.09152	1
53.281	2.29	0.40286	0.27832	0.09031	1
53.346	2	0.40196	0.27751	0.08954	1
53.412	2.29	0.40107	0.27558	0.08766	1
53.478	2	0.40012	0.27375	0.08865	1
53.543	2.29	0.39953	0.27187	0.08626	1
53.609	2	0.3989	0.27073	0.08639	1
53.675	2	0.39866	0.26983	0.08909	1
53.74	2.29	0.3993	0.26918	0.08979	1
53.806	2	0.39986	0.27078	0.09115	1
53.871	2	0.40099	0.27322	0.09325	1
53.937	2.29	0.40303	0.27457	0.09314	1
54.003	2	0.40455	0.2784	0.0941	1
54.068	2.29	0.40575	0.28141	0.09675	1
54.134	2	0.40777	0.28571	0.09594	1
54.199	2.29	0.4091	0.29139	0.09525	1
54.265	2	0.40964	0.29666	0.0915	1
54.331	2	0.40812	0.29709	0.08351	1
54.396	2.29	0.40763	0.29645	0.07789	1
54.462	2	0.40714	0.29349	0.07276	5
54.528	2	0.40623	0.28917	0.07157	5
54.593	2	0.40464	0.28299	0.07288	5
54.659	2.29	0.40394	0.27897	0.07491	1
54.724	2	0.40346	0.27683	0.07486	1
54.79	2.29	0.40273	0.27762	0.07472	1
54.856	2	0.40175	0.27794	0.07724	1
54.921	2.29	0.40142	0.27743	0.08036	1
54.987	2	0.40142	0.27768	0.0827	1
55.052	2	0.40197	0.27978	0.08372	1
55.118	2.29	0.40235	0.28137	0.08533	1
55.184	2	0.40265	0.28136	0.0859	1
55.249	2	0.40269	0.28141	0.08648	1
55.315	0.18	0.40324	0.27986	0.08675	1
55.381	2	0.40381	0.27817	0.08958	1
55.446	2.29	0.40381	0.27766	0.09057	1
55.512	2	0.40423	0.27758	0.09304	1
55.577	2	0.40642	0.28163	0.09338	1
55.643	2.29	0.40817	0.2859	0.10225	1
55.709	2	0.41031	0.28808	0.09876	1
55.774	2	0.41072	0.28829	0.09596	1
55.84	2.29	0.40989	0.28996	0.05606	5
55.906	2	0.40853	0.29291	0.05636	5
55.971	2.29	0.40831	0.29111	0.05835	5
56.037	2	0.40832	0.28628	0.06312	5
56.102	2	0.40807	0.28194	0.06565	5
56.168	2.29	0.40817	0.28288	0.06514	5
56.234	2	0.40803	0.28371	0.06703	5
56.299	2	0.40834	0.28374	0.06932	5
56.365	2	0.40861	0.28545	0.07377	5
56.43	2.29	0.41002	0.28812	0.07882	5
56.496	2	0.41094	0.28988	0.07877	5
56.562	2.29	0.41123	0.29452	0.07847	5
56.627	2	0.41061	0.29609	0.07661	5
56.693	2.29	0.41051	0.29638	0.07266	5
56.759	2	0.41061	0.29622	0.07295	5
56.824	2	0.41049	0.2943	0.07225	5
56.89	2.29	0.41031	0.29347	0.07067	5
56.955	2	0.41048	0.29389	0.0716	5
57.021	2	0.41102	0.29416	0.06987	5
57.087	2.29	0.41126	0.29601	0.06915	5
57.152	2	0.41084	0.29548	0.06885	5
57.218	2.29	0.41018	0.29505	0.06823	5
57.283	2	0.4101	0.29292	0.06849	5
57.349	2.29	0.41061	0.29218	0.06846	5
57.415	2	0.41131	0.29177	0.07024	5
57.48	2	0.41226	0.29155	0.07186	5
57.546	2.29	0.41175	0.29166	0.07553	5
57.612	2	0.41118	0.29273	0.07813	5
57.677	2	0.41098	0.29455	0.07747	5
57.743	2.29	0.41119	0.29669	0.07771	5
57.808	2	0.41101	0.29723	0.07744	5
57.874	2	0.41097	0.29798	0.07784	5
57.94	2.29	0.41099	0.29798	0.07621	5
58.005	2	0.41041	0.29758	0.07595	5
58.071	2	0.41037	0.29617	0.07571	5
58.136	2.29	0.41041	0.29663	0.07664	5
58.202	2	0.41074	0.29819	0.07426	5
58.268	2	0.4113	0.29936	0.07495	5
58.333	2.29	0.41125	0.29728	0.0758	5
58.399	2	0.41136	0.29642	0.07587	5
58.465	2.29	0.41134	0.29756	0.07568	5
58.53	0.17	0.4122	0.29667	0.07491	5
58.596	2.29	0.41248	0.29534	0.07691	5
58.661	2	0.41265	0.29369	0.07894	5
58.727	2	0.41354	0.29338	0.07941	5
58.793	2.29	0.4141	0.29564	0.07957	5
58.858	2	0.4141	0.29765	0.08563	5
58.924	2	0.41582	0.29839	0.09056	1
58.99	2.29	0.41702	0.3001	0.09299	1
59.055	2	0.41776	0.30217	0.09439	1
59.121	2	0.41856	0.30658	0.09318	1
59.186	2.29	0.41864	0.30888	0.09308	1
59.252	2	0.41826	0.30771	0.09244	1
59.318	2	0.41821	0.30616	0.09192	1
59.383	2.29	0.41779	0.30357	0.09457	1
59.449	2	0.41578	0.30153	0.09402	1
59.514	2	0.41371	0.298	0.0913	1
59.58	2.29	0.41234	0.29479	0.09029	5
59.646	2	0.41088	0.29283	0.0882	5
59.711	2	0.40904	0.29081	0.08792	5
59.777	2.21	0.40771	0.28895	0.08688	5
59.843	2.29	0.40682	0.28642	0.08786	5
59.908	2	0.40671	0.28446	0.08895	5
59.974	2	0.40624	0.28328	0.08998	1
60.039	2.29	0.40576	0.28486	0.09056	1
60.105	2	0.40491	0.2861	0.0911	1
60.171	2.29	0.40416	0.28628	0.08999	1
60.236	2	0.40381	0.28595	0.08894	5
60.302	2	0.40389	0.28561	0.08774	5
60.367	2.29	0.40463	0.28611	0.0871	5
60.433	2	0.40541	0.28594	0.0871	5
60.499	2.29	0.40613	0.28508	0.08747	5
60.564	2	0.40737	0.28575	0.08731	5
60.63	2	0.40809	0.28774	0.08431	5
60.696	2.29	0.40858	0.29035	0.08374	5
60.761	2	0.40945	0.29206	0.0859	5
60.827	2	0.41046	0.29386	0.08617	5
60.892	2	0.41206	0.29713	0.08725	5
60.958	2.29	0.41345	0.2999	0.08519	5
61.024	2	0.41428	0.30235	0.08455	5
61.089	2.29	0.41524	0.30306	0.08452	5
61.155	2	0.41591	0.30356	0.0859	5
61.22	2	0.41628	0.30392	0.0855	5
61.286	2.29	0.41592	0.30321	0.08387	5
61.352	2	0.41539	0.30263	0.08375	5
61.417	2	0.41525	0.30231	0.08421	5
61.483	2.29	0.41544	0.30154	0.08472	5
61.549	2	0.41507	0.30051	0.08741	5
61.614	2	0.41562	0.29983	0.09148	5
61.68	0.17	0.41696	0.29963	0.09446	5
61.745	2	0.41712	0.29952	0.09811	1
61.811	2	0.41712	0.29885	0.09898	1
61.877	2.29	0.41694	0.29814	0.09984	1
61.942	2	0.41613	0.29936	0.1015	1
62.008	2	0.41739	0.30075	0.11175	1
62.073	2.29	0.41801	0.30175	0.11009	1
62.139	2	0.4203	0.30159	0.11314	1
62.205	2	0.42221	0.3004	0.11451	1
62.27	2.21	0.4235	0.30127	0.11588	1
62.336	2	0.42261	0.30378	0.11967	1
62.402	2.29	0.42123	0.30419	0.12012	1
62.467	2	0.42162	0.30272	0.12177	1
62.533	2	0.42226	0.3018	0.12065	1
62.598	2.29	0.42353	0.30279	0.1224	1
62.664	2	0.42259	0.30498	0.12533	1
62.73	2	0.42033	0.30622	0.12502	1
62.795	2	0.41965	0.3063	0.12044	1
62.861	2.29	0.41896	0.30503	0.11981	1
62.927	2	0.41916	0.30264	0.1199	1
62.992	2.29	0.41921	0.30113	0.12024	1
63.058	2	0.41872	0.30046	0.12175	1
63.123	2.29	0.4183	0.30127	0.12558	1
63.189	2	0.41825	0.30096	0.12608	1
63.255	2	0.41889	0.30151	0.12319	1
63.32	2.29	0.41913	0.30293	0.12371	1
63.386	2	0.41836	0.30279	0.12194	1
63.451	2	0.41694	0.30154	0.12304	1
63.517	2.29	0.41641	0.3014	0.12365	1
63.583	2	0.41647	0.30355	0.12215	1
63.648	2.29	0.41573	0.30498	0.1232	1
63.714	2	0.41478	0.30561	0.12234	1
63.78	2.29	0.4155	0.30473	0.1223	1
63.845	2	0.416	0.30397	0.12167	1
63.911	2	0.41641	0.30219	0.12345	1
63.976	2	0.41718	0.29855	0.12525	1
64.042	2.29	0.41853	0.29563	0.12632	1
64.108	2	0.41948	0.29421	0.12988	1
64.173	2	0.42068	0.2945	0.1333	1
64.239	2.29	0.42169	0.29703	0.13407	1
64.304	2	0.42234	0.30162	0.13892	1
64.37	2	0.42322	0.30726	0.14175	1
64.436	2.29	0.4242	0.3127	0.14223	1
64.501	2	0.42576	0.32542	0.13914	1
64.567	2	0.42713	0.32772	0.1358	1
64.633	2.29	0.42919	0.32766	0.13588	1
64.698	2	0.4317	0.33037	0.1371	1
64.764	2	0.43602	0.35696	0.13654	1
64.829	2.29	0.46494	0.36308	0.12904	1
64.895	0.19	0.47386	0.37256	0.11846	5
64.961	2	0.48703	0.3819	-0.04516	5
65.026	2.29	0.46778	0.39068	-0.1271	5
65.092	2	0.45218	0.39292	-0.09764	5
65.157	2	0.44319	0.38434	-0.10135	5
65.223	2	0.43952	0.36442	-0.10077	5
65.289	2.29	0.43578	0.35375	-0.10048	5
65.354	2	0.43276	0.34253	-0.10017	5
65.42	2	0.42984	0.32829	-0.09935	5
65.486	2.29	0.42788	0.32251	-0.09864	5
65.551	2	0.42829	0.32269	-0.09819	5
65.617	2.29	0.42895	0.32555	-0.09768	5
65.682	2	0.43097	0.32951	-0.09725	5
65.748	2	0.43085	0.33906	-0.09677	5
65.814	2	0.43223	0.3377	-0.09652	5
65.879	2.29	0.43337	0.34449	-0.09618	5
65.945	2	0.43533	0.36997	-0.09566	5
66.01	2	0.44101	0.37525	-0.09507	5
66.076	2.29	0.46863	0.38111	-0.09461	5
66.142	1.97	0.5063	0.38507	-0.09506	5
66.207	2.29	0.46371	0.38996	-0.10127	5
66.273	2	0.44416	0.39581	-0.12225	5
66.339	2.29	0.43812	0.37132	-0.12193	5
66.404	2	0.43381	0.34497	-0.12111	5
66.47	2.29	0.43031	0.33365	-0.12034	5
66.535	2	0.42778	0.32441	-0.11979	5
66.601	2	0.42482	0.3182	-0.1191	5
66.667	2.29	0.423	0.31294	-0.11855	5
66.732	2	0.42333	0.30969	-0.11797	5
66.798	2	0.42372	0.30573	-0.11766	5
66.864	2.29	0.4234	0.30323	-0.11714	5
66.929	2	0.42331	0.30353	-0.1166	5
66.995	2.29	0.42256	0.30397	-0.11635	5
67.06	2	0.4225	0.30227	-0.11597	5
67.126	2	0.42178	0.30019	-0.11555	5
67.192	2.29	0.42079	0.29926	-0.11541	5
67.257	2	0.41813	0.2997	-0.11501	5
67.323	2	0.41635	0.30325	-0.11477	5
67.388	2.29	0.41499	0.30651	-0.11464	5
67.454	2	0.41235	0.30724	-0.11429	5
67.52	2	0.41064	0.30683	-0.11372	5
67.585	2.29	0.40779	0.30293	-0.11288	5
67.651	2	0.40502	0.294	-0.11264	5
67.717	2.29	0.40244	0.28207	-0.11242	5
67.782	2	0.39986	0.26748	-0.11201	5
67.848	2	0.3979	0.25823	-0.11173	5
67.913	2.29	0.3966	0.25458	-0.11146	5
67.979	2	0.39527	0.25229	-0.11125	5
68.045	2	0.39435	0.25039	-0.11085	5
68.11	0.12	0.39381	0.23909	-0.11055	5
68.176	2.29	0.3938	0.23966	-0.11021	5
68.241	2	0.39382	0.24126	-0.10995	5
68.307	2.28	0.39311	0.2426	-0.10965	5
68.373	1.97	0.3922	0.24546	-0.10937	5
68.438	2	0.39349	0.24706	-0.10548	5
68.504	2.67	0.39609	0.24806	-0.10528	5
68.57	1.44	0.39772	0.25	-0.10478	5
68.635	2	0.39889	0.252	-0.10465	5
68.701	2.25	0.39872	0.25339	-0.10438	5
68.766	2	0.39763	0.25375	-0.10402	5
68.865	2.29	0.39715	0.25278	-0.10381	5
68.898	2	0.3963	0.24988	-0.10338	5
68.963	1.97	0.39586	0.24486	-0.10323	5
69.029	2.29	0.39555	0.24016	-0.10308	5
69.094	2	0.39472	0.23607	-0.10283	5
69.16	2	0.39382	0.23289	-0.10264	5
69.226	2.67	0.39306	0.23123	-0.10247	5
69.291	1.51	0.39189	0.22979	-0.10201	5
69.357	2	0.39146	0.23148	-0.10173	5
69.423	2.29	0.39097	0.23534	-0.10123	5
69.488	2	0.39225	0.24011	-0.10083	5
69.587	2.29	0.39324	0.24395	-0.10048	5
69.619	2	0.39487	0.24647	-0.09986	5
69.685	2	0.39651	0.24887	-0.09953	5
69.751	2.17	0.39754	0.25208	-0.09908	5
69.816	2	0.39917	0.25336	-0.09855	5
69.882	2.29	0.40009	0.25281	-0.09814	5
69.948	2	0.40133	0.25076	-0.09782	5
70.013	2.29	0.40009	0.2503	-0.09756	5
70.079	2	0.39868	0.25042	-0.09741	5
70.144	2.29	0.39845	0.24955	-0.09688	5
70.21	2	0.39875	0.24731	-0.09642	5
70.276	2	0.39955	0.24764	-0.09606	5
70.341	2	0.40088	0.25036	-0.09581	5
70.407	2.29	0.4023	0.25334	-0.09546	5
70.472	2	0.40202	0.2543	-0.0951	5
70.538	1.97	0.40056	0.25531	-0.09466	5
70.604	2.29	0.40049	0.25565	-0.09429	5
70.669	2	0.40052	0.25576	-0.09404	5
70.735	2.29	0.4003	0.25539	-0.09355	5
70.801	3.2	0.40012	0.25517	-0.09316	5
70.866	0.57	0.40053	0.25746	-0.09274	5
70.932	2	0.40082	0.25628	-0.09234	5
70.997	2.29	0.40172	0.25675	-0.09192	5
71.063	2	0.40279	0.25695	-0.09145	5
71.26	0.09	0.40357	0.25579	-0.09127	5
71.325	2	0.40338	0.25455	-0.08989	5
71.391	2	0.40297	0.25432	-0.08947	5
71.457	2.29	0.40243	0.25496	-0.08922	5
71.522	2	0.40192	0.25655	-0.08889	5
71.588	2	0.40227	0.25772	-0.08383	5
71.654	2.29	0.40225	0.25804	-0.08298	5
71.719	2	0.4034	0.2595	-0.08235	5
71.785	2	0.40394	0.26179	-0.08171	5
71.85	2.29	0.40441	0.26368	-0.08133	5
71.916	2	0.40459	0.26532	-0.08079	5
71.982	2	0.40486	0.26701	-0.08046	5
72.047	2.29	0.4058	0.26915	-0.08013	5
72.113	2	0.40646	0.27075	-0.07963	5
72.178	2	0.40701	0.26966	-0.07927	5
72.244	2.29	0.4074	0.27055	-0.07874	5
72.31	2	0.40852	0.27203	-0.07828	5
72.375	2	0.40935	0.2717	-0.0778	5
72.441	2.29	0.40968	0.27154	-0.07745	5
72.507	2	0.41005	0.27266	-0.07699	5
72.572	2.29	0.41002	0.27358	-0.07665	5
72.638	2	0.40918	0.27323	-0.07625	5
72.703	2	0.40799	0.27127	-0.07593	5
72.769	2.29	0.40756	0.27073	-0.07591	5
72.835	2	0.40666	0.26964	-0.07566	5
72.9	2.29	0.40551	0.26812	-0.07555	5
72.966	2	0.40496	0.26553	-0.07518	5
73.031	2	0.40456	0.26364	-0.07507	5
73.097	2.29	0.40328	0.26362	-0.07472	5
73.163	2	0.40289	0.26224	-0.0743	5
73.228	2.29	0.40212	0.26115	-0.07392	5
73.294	2	0.40188	0.26161	-0.07368	5
73.36	2	0.40151	0.26222	-0.07325	5
73.425	2.29	0.40076	0.2618	-0.07292	5
73.491	2	0.40011	0.26113	-0.07238	5
73.556	2	0.40008	0.25978	-0.07228	5
73.622	2	0.39977	0.25872	-0.07182	5
73.688	2.29	0.3996	0.25761	-0.07135	5
73.753	2	0.39912	0.25618	-0.07088	5
73.819	2	0.39888	0.25508	-0.07059	5
73.885	2.29	0.39892	0.25519	-0.07011	5
73.95	2	0.39918	0.25496	-0.06954	5
74.016	2.29	0.39958	0.25514	-0.06932	5
74.081	2	0.40035	0.25573	-0.06886	5
74.147	2	0.40077	0.25579	-0.06841	5
74.213	2.29	0.40072	0.25557	-0.0678	5
74.278	2	0.40107	0.25597	-0.0673	5
74.344	2	0.40142	0.25881	-0.06692	5
74.409	2.24	0.4024	0.25869	-0.06673	5
74.475	0.11	0.40336	0.26245	-0.06641	5
74.541	2	0.40394	0.2614	-0.06589	5
74.606	2.29	0.404	0.26047	-0.06566	5
74.672	2	0.40344	0.26127	-0.06522	5
74.738	2	0.4038	0.26119	-0.0646	5
74.803	2.29	0.40346	0.25971	-0.05987	5
74.869	2	0.40238	0.25841	-0.05842	5
74.934	0.2	0.40234	0.25727	-0.05806	5
75	2	0.40194	0.25627	-0.05782	5
75.066	2.29	0.40107	0.25614	-0.05745	5
75.131	2	0.40041	0.25595	-0.05703	5
75.197	2	0.39994	0.25577	-0.05664	5
75.262	2.29	0.40001	0.25561	-0.05289	5
75.328	2	0.40082	0.2552	-0.05186	5
75.394	2	0.40051	0.25523	-0.05165	5
75.459	2.29	0.39979	0.25577	-0.05121	5
75.525	2	0.39933	0.25722	-0.05067	5
75.591	2	0.39846	0.25981	-0.05001	5
75.656	2.29	0.39894	0.25665	-0.04944	5
75.722	2	0.40036	0.25759	-0.04889	5
75.787	2	0.40163	0.25749	-0.04813	5
75.853	2.29	0.41002	0.257	-0.0479	5
75.919	2	0.41327	0.26163	-0.0474	5
75.984	2	0.40618	0.26613	-0.04336	5
76.05	2.29	0.40006	0.26682	-0.0414	5
76.115	2	0.40044	0.26581	-0.04028	5
76.181	2	0.4011	0.25723	-0.03977	5
76.247	2.29	0.39946	0.25607	-0.03891	5
76.312	2	0.39735	0.25447	-0.03802	5
76.378	2.29	0.39598	0.25349	-0.03741	5
76.444	2	0.39529	0.25077	-0.03649	5
76.509	2.29	0.3971	0.24957	-0.03697	5
76.575	2	0.39741	0.25081	-0.03662	5
76.64	2	0.39868	0.25323	-0.03615	5
76.706	2.29	0.39799	0.25532	-0.03518	5
76.772	2	0.39686	0.25385	-0.03403	5
76.837	2	0.3977	0.25454	-0.03315	5
76.903	2.29	0.39982	0.25909	-0.03192	5
76.969	2	0.40516	0.26549	-0.0288	5
77.034	2.29	0.41169	0.27341	-0.02534	5
77.1	1.97	0.42805	0.2824	-0.00853	5
77.165	2	0.43959	0.28617	0.01658	5
77.231	2.29	0.43589	0.29073	0.01227	5
77.297	2	0.42272	0.29379	0.08316	5
77.362	2	0.40906	0.29239	0.15019	1
77.428	2.29	0.40423	0.28764	0.16996	1
77.493	2	0.40338	0.28332	0.16211	1
77.559	2	0.40349	0.28121	0.1438	1
77.625	2.29	0.40339	0.28028	0.14076	1
77.69	2	0.40262	0.27729	0.13728	5
77.756	2	0.40328	0.2754	0.13292	5
77.822	2.29	0.40334	0.2742	0.13345	5
77.887	2	0.40315	0.27396	0.13451	5
77.953	2	0.40279	0.27541	0.13981	5
78.018	2.29	0.4033	0.27708	0.14354	1
78.084	0.18	0.40423	0.27599	0.15423	1
78.15	2	0.40571	0.27491	0.15943	1
78.215	2	0.40708	0.27656	0.1612	1
78.281	2.29	0.40725	0.27522	0.16017	1
78.346	2	0.40573	0.27278	0.16067	1
78.412	2	0.40559	0.27226	0.16532	1
78.478	2	0.40508	0.27028	0.15613	1
78.543	2.29	0.40438	0.27035	0.16097	1
78.609	2	0.4039	0.27307	0.16857	1
78.675	2.29	0.40474	0.27639	0.17431	1
78.74	2	0.40533	0.27991	0.17576	1
78.806	2	0.40804	0.27848	0.17991	1
78.871	2.29	0.40891	0.28034	0.17383	1
78.937	2	0.41013	0.28925	0.17273	1
79.003	2	0.41441	0.28889	0.1725	1
79.068	2	0.41879	0.28806	0.16939	1
79.134	2.29	0.42018	0.28687	0.02626	5
79.199	2	0.41784	0.28527	-0.08515	5
79.265	2	0.41696	0.28247	-0.08878	5
79.331	2.29	0.41244	0.27947	-0.08036	5
79.396	2	0.41172	0.27594	-0.07678	5
79.462	2.29	0.4111	0.2729	-0.07426	5
79.528	2	0.41151	0.27521	-0.07147	5
79.593	2.29	0.41252	0.27699	-0.06958	5
79.659	2	0.41182	0.27851	-0.06773	5
79.724	2	0.41337	0.28113	-0.06542	5
79.79	2.17	0.41383	0.28123	-0.06417	5
79.856	2	0.41423	0.28183	-0.06249	5
79.921	2.29	0.41366	0.28031	-0.06096	5
79.987	2	0.41177	0.2768	-0.05882	5
80.052	2.29	0.41251	0.27403	-0.05729	5
80.118	2	0.41257	0.27279	-0.05535	5
80.184	2	0.4143	0.27417	-0.05401	5
80.249	2.29	0.41429	0.27464	-0.05237	5
80.315	2	0.41628	0.27414	-0.05067	5
80.381	2	0.41858	0.27624	-0.04962	5
80.446	2.29	0.41988	0.28055	-0.04719	5
80.512	2	0.42046	0.28456	-0.04519	5
80.577	2	0.42052	0.28803	-0.04323	5
80.643	2	0.42138	0.28836	-0.04146	5
80.709	2.29	0.42094	0.28771	-0.04078	5
80.774	2	0.42064	0.28434	-0.03993	5
80.84	2.29	0.41968	0.2805	-0.03835	5
80.906	2	0.41843	0.27748	-0.03753	5
80.971	2.21	0.4164	0.2767	-0.03599	5
81.037	2	0.4156	0.27476	-0.03466	5
81.102	2	0.415	0.27422	-0.03343	5
81.168	2	0.41562	0.27533	-0.03264	5
81.234	2.29	0.41612	0.2771	-0.0326	5
81.299	0.21	0.41532	0.28086	-0.03158	5
81.365	2.29	0.41477	0.2845	-0.03001	5
81.43	2	0.41539	0.28371	-0.02967	5
81.496	2	0.41394	0.28302	-0.02848	5
81.562	2	0.41291	0.28275	-0.02695	5
81.627	2.29	0.41186	0.28158	-0.01996	5
81.693	2	0.41029	0.27913	-0.02144	5
81.759	2	0.41025	0.27535	-0.0189	5
81.824	2.29	0.4099	0.27223	-0.01638	5
81.89	2	0.41056	0.27141	-0.01455	5
81.955	2	0.41155	0.27184	-0.0132	5
82.021	2.29	0.41154	0.27118	-0.01227	5
82.087	2	0.4127	0.27059	-0.00912	5
82.152	2	0.41245	0.26947	-0.00722	5
82.218	2	0.41253	0.26948	-0.00607	5
82.283	2.29	0.41143	0.26741	-0.00352	5
82.349	2	0.41049	0.26584	-0.00128	5
82.415	2	0.4093	0.26253	0.00121	5
82.48	2	0.40871	0.25987	0.00195	5
82.546	2.29	0.4074	0.25723	0.00385	5
82.612	2	0.40706	0.25425	0.00524	5
82.677	2.29	0.40723	0.25193	0.00653	5
82.743	2	0.40677	0.25076	0.00827	5
82.808	2	0.40656	0.25071	0.0101	5
82.874	2.29	0.40635	0.25035	0.01071	5
82.94	2	0.40591	0.25012	0.01238	5
83.005	2	0.40579	0.25041	0.01346	5
83.071	2.29	0.40569	0.25031	0.01512	5
83.136	2	0.40511	0.25056	0.01654	5
83.202	2	0.40465	0.24975	0.01929	5
83.268	2.29	0.405	0.24864	0.02081	5
83.333	2	0.4053	0.24853	0.02234	5
83.399	2	0.40566	0.24888	0.02403	5
83.465	2.29	0.4064	0.24896	0.02608	5
83.53	2	0.40674	0.24885	0.0282	5
83.596	2	0.40743	0.24916	0.03033	5
83.661	2	0.4074	0.2495	0.03276	5
83.727	2	0.40726	0.24976	0.0342	5
83.793	2.29	0.40672	0.25014	0.03638	5
83.858	2	0.40659	0.25133	0.03804	5
83.924	2	0.40619	0.25223	0.04036	5
83.99	2.29	0.40557	0.25292	0.043	5
84.055	2	0.40465	0.25512	0.04439	5
84.121	2	0.40448	0.25696	0.04583	5
84.186	2.29	0.40561	0.25687	0.04742	5
84.252	2	0.40589	0.25755	0.05023	5
84.318	2	0.40612	0.25746	0.05015	5
84.383	2	0.40539	0.25712	0.05136	5
84.449	2.29	0.40442	0.25899	0.05359	5
84.514	0.2	0.40377	0.26051	0.05609	5
84.58	2.29	0.40415	0.26194	0.05759	5
84.646	2	0.405	0.26196	0.06078	5
84.711	2	0.40608	0.26356	0.06293	5
84.777	2	0.40674	0.2658	0.06309	5
84.843	2	0.40743	0.26726	0.07581	5
84.908	2	0.40763	0.26697	0.07779	5
84.974	2.29	0.40778	0.26567	0.08211	5
85.039	2	0.40755	0.26586	0.08527	5
85.105	2	0.40721	0.26545	0.08614	5
85.171	2	0.40677	0.26499	0.08803	5
85.236	2.29	0.40677	0.26446	0.09242	5
85.302	2	0.40668	0.26282	0.09197	5
85.367	2	0.40589	0.26302	0.09432	5
85.433	2	0.4049	0.2623	0.09526	5
85.499	2	0.40384	0.25926	0.09699	5
85.564	2	0.40303	0.25665	0.09847	5
85.63	2.29	0.40228	0.25497	0.1003	5
85.696	2	0.40154	0.25423	0.10094	5
85.761	2	0.40177	0.25484	0.10374	5
85.827	2	0.40207	0.25375	0.10681	5
85.892	2.29	0.40236	0.25306	0.11077	5
85.958	2	0.40258	0.25437	0.11145	5
86.024	2	0.40277	0.2545	0.11288	5
86.089	2	0.40341	0.25373	0.11599	5
86.155	2.29	0.40365	0.2523	0.12373	5
86.22	2	0.40417	0.25255	0.12842	5
86.286	2	0.40461	0.25353	0.13352	5
86.352	2	0.4046	0.25394	0.1322	5
86.417	2.29	0.40503	0.25349	0.13645	5
86.483	2	0.40501	0.25486	0.13981	5
86.549	2	0.40495	0.25602	0.13937	5
86.614	2	0.40456	0.25681	0.14366	5
86.68	2.29	0.40447	0.25675	0.14991	5
86.745	2	0.40446	0.25758	0.15398	5
86.811	2	0.40431	0.25701	0.15769	5
86.877	2	0.40447	0.25572	0.16281	5
86.942	2	0.40409	0.25474	0.16569	5
87.008	2	0.40383	0.25365	0.16952	1
87.073	2	0.40388	0.25209	0.17424	1
87.139	2.29	0.40405	0.25135	0.1782	1
87.205	2	0.40396	0.25055	0.18282	1
87.27	2	0.40426	0.24967	0.18843	1
87.336	2	0.40364	0.24928	0.19353	1
87.402	2	0.40369	0.24893	0.19502	1
87.467	2.29	0.40386	0.24875	0.20001	1
87.533	2	0.40374	0.24919	0.20477	1
87.598	2	0.40356	0.2492	0.20993	1
87.664	2	0.40285	0.24853	0.2129	1
87.73	0.2	0.40231	0.24805	0.21603	1
87.795	2	0.40183	0.24763	0.21894	1
87.861	2.29	0.40118	0.24732	0.2207	1
87.927	2	0.40096	0.24799	0.22376	1
87.992	2	0.40139	0.24914	0.2267	1
88.058	2	0.4019	0.24915	0.24286	1
88.123	2	0.40196	0.24999	0.25745	1
88.189	1.97	0.40203	0.25128	0.26414	2
88.255	2	0.4022	0.25171	0.27052	2
88.32	2.29	0.40225	0.25098	0.27565	2
88.386	2	0.40206	0.24978	0.2774	2
88.451	2	0.40171	0.24975	0.27935	2
88.517	2	0.40156	0.25042	0.28213	2
88.583	2	0.4016	0.2507	0.28469	2
88.648	2	0.40171	0.25079	0.28799	2
88.714	2	0.40277	0.25027	0.29187	2
88.78	2	0.40287	0.25112	0.29995	2
88.845	2	0.40252	0.25148	0.30306	2
88.911	2.29	0.40266	0.25069	0.3031	2
88.976	2	0.40245	0.25073	0.30544	2
89.042	2	0.40226	0.25081	0.30781	2
89.108	2	0.4026	0.25086	0.31046	2
89.173	2	0.40358	0.25148	0.31497	2
89.239	2.29	0.40436	0.25123	0.32195	2
89.304	2	0.40452	0.25162	0.32681	2
89.37	2	0.40524	0.25176	0.33	2
89.436	2	0.40613	0.25153	0.33383	2
89.501	2	0.40554	0.25127	0.33933	2
89.567	2	0.40431	0.25155	0.33854	2
89.633	2	0.40278	0.25106	0.33092	2
89.698	2.29	0.40122	0.25015	0.32448	2
89.764	1.88	0.40003	0.24709	0.3168	2
89.829	2	0.39979	0.24404	0.31347	2
89.895	2	0.40033	0.24194	0.31278	2
89.961	2	0.40008	0.23887	0.31281	2
90.026	2	0.39943	0.23634	0.31711	2
90.092	2	0.39959	0.23676	0.32023	2
90.157	2	0.40044	0.24046	0.32266	2
90.223	2.29	0.40112	0.24616	0.32442	2
90.289	2	0.40053	0.24493	0.32934	2
90.354	2	0.40027	0.25109	0.32889	2
90.42	2	0.40222	0.25702	0.32801	2
90.486	2	0.41199	0.26567	0.33006	2
90.551	2	0.43276	0.27931	0.2992	2
90.617	2	0.44931	0.2829	0.17246	5
90.682	2	0.44995	0.28246	0.0971	5
90.748	2	0.43276	0.28294	0.0995	5
90.814	2	0.42159	0.27978	0.11284	5
90.879	0.67	0.41578	0.27398	0.12792	5
90.945	1.6	0.41264	0.26827	0.13848	5
91.01	2	0.41025	0.26017	0.14326	5
91.076	2	0.40937	0.26104	0.15701	5
91.142	2	0.40879	0.2612	0.16947	5
91.207	0.2	0.41001	0.26367	0.19632	1
91.273	2	0.4106	0.26616	0.20016	1
91.339	2	0.40865	0.26295	0.21437	1
91.404	2	0.41059	0.27132	0.21998	1
91.47	2	0.4142	0.27836	0.22774	1
91.535	2	0.42403	0.27558	0.27416	1
91.601	1.78	0.4336	0.2737	0.21851	1
91.667	2	0.42786	0.2768	0.15474	5
91.732	2	0.43345	0.28662	0.18012	5
91.798	2	0.44764	0.28574	0.16326	5
91.864	1.97	0.44443	0.27917	0.12137	5
91.929	2	0.42815	0.28189	0.1225	5
91.995	2	0.41807	0.29012	0.14993	5
92.06	2	0.41653	0.27958	0.16403	5
92.126	2	0.4188	0.26605	0.17513	5
92.192	2	0.41877	0.26049	0.18068	5
92.257	2	0.41673	0.26172	0.1827	5
92.323	2	0.41232	0.26486	0.19051	1
92.388	2	0.41024	0.26572	0.19823	1
92.454	2	0.4088	0.25978	0.20843	1
92.52	2	0.4081	0.25933	0.21706	1
92.585	2	0.4087	0.26199	0.22604	1
92.651	2	0.41118	0.26092	0.23749	1
92.717	1.78	0.41793	0.26055	0.24935	1
92.782	2	0.4266	0.26196	0.23871	1
92.848	2	0.42655	0.26158	0.22373	1
92.913	2	0.41829	0.26269	0.22677	1
92.979	2	0.41166	0.26599	0.24151	1
93.045	2	0.40987	0.26188	0.26527	1
93.11	2	0.41008	0.25482	0.27397	1
93.176	2	0.41	0.2544	0.28246	1
93.241	2	0.41082	0.25562	0.29082	1
93.307	2	0.41266	0.25554	0.29621	1
93.373	2	0.41278	0.25524	0.29892	1
93.438	1.78	0.41149	0.25481	0.30174	1
93.504	2	0.40924	0.25537	0.30162	2
93.57	2	0.40821	0.25736	0.31101	2
93.635	2	0.40763	0.25361	0.31443	2
93.701	2	0.4073	0.2543	0.32121	2
93.766	1.78	0.40803	0.25953	0.3299	2
93.832	2	0.41292	0.26364	0.3383	2
93.898	2	0.42216	0.27449	0.33629	2
93.963	2	0.42843	0.27397	0.30575	1
94.029	2	0.43051	0.2798	0.25324	1
94.094	1.78	0.42875	0.29929	0.23787	1
94.16	2	0.43646	0.2978	0.21223	1
94.226	2	0.44502	0.29591	0.21347	1
94.291	2	0.44018	0.28745	0.19585	5
94.357	2	0.43053	0.27964	0.17384	5
94.423	0.2	0.41867	0.28405	0.18335	5
94.488	2	0.41667	0.27114	0.195	1
94.554	1.78	0.41625	0.25191	0.20248	1
94.619	2	0.41542	0.24731	0.21414	1
94.685	2	0.41494	0.2475	0.22828	1
94.751	1.78	0.41385	0.24765	0.28366	1
94.816	2	0.41377	0.2471	0.28846	1
94.882	2	0.41292	0.24725	0.29507	1
94.948	1.78	0.41259	0.24663	0.29452	1
95.013	2	0.41223	0.2471	0.28761	1
95.079	2	0.412	0.2484	0.27778	1
95.144	2	0.41174	0.24855	0.26577	1
95.21	1.78	0.41105	0.24876	0.26041	1
95.276	2	0.4093	0.24934	0.26712	1
95.341	2	0.40874	0.24334	0.27649	1
95.407	1.78	0.4088	0.23929	0.28379	1
95.472	2	0.40971	0.23956	0.28784	1
95.538	1.94	0.40935	0.24027	0.29584	1
95.604	2	0.40729	0.24126	0.28976	1
95.669	1.78	0.40648	0.24136	0.30066	2
95.735	2	0.40644	0.24183	0.30924	2
95.801	2	0.40667	0.2418	0.31593	2
95.866	1.78	0.40658	0.24084	0.31869	2
95.932	2	0.40675	0.24158	0.31966	2
95.997	2	0.407	0.24227	0.32721	2
96.063	1.78	0.40732	0.24241	0.3316	2
96.129	2	0.40719	0.24266	0.33306	2
96.194	2	0.40673	0.24416	0.33682	2
96.26	2	0.4066	0.24432	0.34179	2
96.325	1.78	0.40651	0.24415	0.34621	2
96.391	2	0.40693	0.24364	0.3494	2
96.457	2	0.40733	0.24465	0.35505	2
96.522	2	0.40745	0.24555	0.35373	2
96.588	1.78	0.40755	0.24654	0.35144	2
96.654	2	0.40722	0.24654	0.34935	2
96.719	1.78	0.40694	0.24648	0.3252	2
96.785	2	0.40627	0.24498	0.32693	2
96.85	1.78	0.40572	0.24399	0.33807	2
96.916	2	0.4056	0.24397	0.34616	2
96.982	2	0.40599	0.24343	0.35283	2
97.047	2	0.40607	0.24408	0.35937	2
97.113	1.78	0.40597	0.24512	0.36383	2
97.178	2	0.4063	0.24657	0.36614	2
97.244	2	0.40615	0.24753	0.3707	2
97.31	1.78	0.40611	0.24754	0.37255	2
97.375	2	0.40618	0.2488	0.37631	2
97.441	1.78	0.40685	0.25014	0.38293	2
97.507	2	0.40688	0.25051	0.39078	2
97.572	0.2	0.40651	0.25063	0.39724	2
97.638	2	0.40593	0.25065	0.40493	2
97.703	2	0.40539	0.25118	0.40393	2
97.769	1.78	0.40501	0.25065	0.40008	2
97.835	2	0.40493	0.24837	0.39219	2
97.9	1.78	0.40559	0.24708	0.37811	2
97.966	2	0.40622	0.24771	0.38428	2
98.031	1.78	0.40679	0.24909	0.39086	2
98.097	2	0.40655	0.25074	0.40193	2
98.163	1.78	0.4064	0.25288	0.41679	2
98.228	2	0.40661	0.25314	0.42368	2
98.294	2	0.40684	0.25383	0.42615	2
98.36	1.78	0.40694	0.25369	0.42861	2
98.425	1.78	0.41544	0.25258	0.41027	2
98.491	2	0.40668	0.25171	0.43609	2
98.556	1.78	0.40645	0.25111	0.43704	2
98.622	2	0.40573	0.25044	0.43509	2
98.688	1.78	0.4052	0.27856	0.42739	2
98.753	2	0.40499	0.24943	0.42126	2
98.819	1.78	0.40492	0.24831	0.41462	2
98.885	2	0.40502	0.24838	0.40804	2
98.95	1.78	0.40541	0.24882	0.40951	2
99.016	2	0.40923	0.24918	0.40877	2
99.081	1.73	0.40603	0.24976	0.41789	2
99.147	2	0.40586	0.25025	0.41461	2
99.213	1.78	0.40604	0.2498	0.41125	2
99.278	2	0.4067	0.24999	0.40805	2
99.344	1.78	0.40712	0.25049	0.40873	2
99.409	2	0.40683	0.25115	0.41072	2
99.475	1.78	0.40718	0.25251	0.41416	2
99.541	2	0.40797	0.25406	0.37871	2
99.606	1.78	0.40854	0.25512	0.42048	2
99.672	2	0.40878	0.2552	0.42393	2
99.738	1.78	0.4088	0.25583	0.42615	2
99.803	1.88	0.40792	0.25605	0.42566	2
99.869	1.78	0.40795	0.25484	0.42342	2
99.934	1.78	0.40759	0.25459	0.42485	2
100	2	0.40734	0.25318	0.4272	2
100.066	1.78	0.40737	0.25201	0.42414	2
100.131	1.78	0.40722	0.25201	0.42354	2
100.197	2	0.40744	0.25235	0.41622	2
100.262	1.78	0.40752	0.25302	0.42042	2
100.328	2	0.40825	0.25335	0.42249	2
100.394	1.78	0.4093	0.25417	0.43093	2
100.459	1.78	0.41026	0.25507	0.43975	2
100.525	2	0.41144	0.25583	0.44107	2
100.591	1.78	0.41155	0.25543	0.44709	2
100.656	2	0.4103	0.25526	0.44396	2
100.722	1.78	0.41016	0.25592	0.42237	2
100.787	0.2	0.41429	0.32111	0.39275	2
100.853	1.78	0.40935	0.25466	0.42538	2
100.919	2	0.40961	0.25377	0.43238	2
100.984	1.78	0.41021	0.25443	0.43784	2
101.05	1.78	0.41031	0.29706	0.44001	2
101.181	1.78	0.40976	0.18631	0.43301	2
101.247	1.78	0.40984	0.25768	0.43446	2
101.312	2	0.40999	0.25395	0.43617	2
101.378	1.78	0.41046	0.25531	0.43667	2
101.444	1.78	0.40852	0.27635	0.43518	2
101.509	2	0.40632	0.29869	0.40378	2
101.575	1.78	0.41065	0.25695	0.44358	2
101.64	1.78	0.41159	0.2563	0.4341	2
101.706	1.78	0.41142	0.25651	0.43898	2
101.772	1.78	0.41528	0.25754	0.39924	2
101.837	1.78	0.41138	0.25945	0.45496	2
101.903	2	0.4115	0.25845	0.43074	2
101.969	1.78	0.41159	0.25779	0.43049	2
102.034	1.78	0.41212	0.25804	0.43322	2
102.1	1.78	0.41213	0.25829	0.43558	2
102.165	2	0.41217	0.25817	0.43407	2
102.231	1.78	0.41194	0.25784	0.42871	2
102.297	1.78	0.41174	0.25742	0.42675	2
102.362	1.78	0.41095	0.25748	0.42956	2
102.428	1.78	0.41071	0.2561	0.4267	2
102.493	1.78	0.41015	0.25396	0.42894	2
102.559	2	0.40978	0.25668	0.42995	2
102.625	1.75	0.40988	0.25715	0.42733	2
102.69	1.78	0.41012	0.25841	0.43404	2
102.756	1.78	0.41067	0.25856	0.43417	2
102.822	2	0.4104	0.26924	0.43161	2
102.887	1.78	0.40999	0.25579	0.43459	2
102.953	1.78	0.40989	0.25701	0.43406	2
103.018	1.78	0.40926	0.25887	0.43009	2
103.084	1.78	0.40837	0.25652	0.42551	2
103.15	1.78	0.40764	0.25537	0.42185	2
103.215	1.78	0.40885	0.25466	0.41288	2
103.281	1.78	0.40927	0.25481	0.41532	2
103.346	1.78	0.4098	0.25371	0.44922	2
103.412	2	0.40916	0.25482	0.42575	2
103.478	1.78	0.40955	0.25651	0.43687	2
103.543	1.78	0.40994	0.25696	0.44318	2
103.609	0.67	0.41021	0.25828	0.44824	2
103.675	1.78	0.41068	0.25893	0.44663	2
103.74	1.78	0.41117	0.25854	0.45182	2
103.806	1.78	0.41139	0.25866	0.45499	2
103.871	1.78	0.41153	0.25845	0.4586	2
103.937	2	0.40997	0.2574	0.45592	2
104.003	1.78	0.41054	0.25715	0.46342	2
104.068	1.78	0.41037	0.25695	0.46254	2
104.134	1.78	0.41037	0.2565	0.46584	2
104.199	1.78	0.41029	0.25598	0.47129	2
104.265	0.2	0.41016	0.2565	0.47456	2
104.331	1.78	0.41011	0.25698	0.47767	2
104.396	2	0.41049	0.25579	0.48077	2
104.462	1.78	0.41082	0.25566	0.48354	2
104.528	1.6	0.41094	0.25575	0.48724	2
104.593	1.78	0.41112	0.25551	0.47433	2
104.659	1.78	0.41094	0.25521	0.48351	2
104.724	1.78	0.4113	0.25515	0.48916	2
104.79	1.78	0.41123	0.25465	0.48736	2
104.856	1.78	0.41139	0.25465	0.48604	2
104.921	1.78	0.41166	0.25434	0.48795	2
104.987	1.78	0.41168	0.2546	0.4869	2
105.052	1.78	0.41203	0.25496	0.48926	2
105.118	1.78	0.41163	0.25611	0.49132	2
105.184	1.78	0.41205	0.25584	0.49216	2
105.249	1.78	0.41252	0.25625	0.49471	2
105.315	1.78	0.41238	0.25656	0.49735	2
105.381	1.78	0.41175	0.25597	0.49187	2
105.446	1.78	0.41213	0.2558	0.48315	2
105.512	1.78	0.41282	0.25531	0.47893	2
105.577	1.78	0.4121	0.25546	0.47603	2
105.643	1.78	0.41212	0.26471	0.47118	2
105.709	1.78	0.41235	0.25652	0.46665	2
105.774	1.6	0.41273	0.25731	0.46797	2
105.84	1.78	0.4128	0.25702	0.46663	2
105.906	1.73	0.41291	0.25692	0.46393	2
105.971	1.78	0.4131	0.25721	0.46032	2
106.037	1.78	0.41337	0.25666	0.4627	2
106.102	1.78	0.41332	0.25677	0.46527	2
106.168	1.78	0.41433	0.25688	0.46559	2
106.234	1.78	0.41492	0.2567	0.46764	2
106.299	1.78	0.41485	0.25746	0.4744	2
106.365	1.78	0.41434	0.258	0.47231	2
106.43	1.6	0.41423	0.25826	0.47484	2
106.496	1.78	0.41435	0.25831	0.47689	2
106.562	1.78	0.41494	0.25814	0.47739	2
106.627	1.78	0.41496	0.25792	0.47864	2
106.693	1.6	0.41488	0.25827	0.47985	2
106.759	1.78	0.41577	0.25841	0.48401	2
106.824	1.78	0.41602	0.25751	0.48494	2
106.89	1.78	0.41641	0.25718	0.48232	2
106.955	1.78	0.41663	0.26602	0.4752	2
107.021	1.6	0.41599	0.26757	0.46565	2
107.087	1.78	0.42017	0.26548	0.44775	2
107.152	1.78	0.42953	0.26095	0.4116	1
107.218	1.78	0.43668	0.25891	0.31787	1
107.283	1.78	0.43261	0.25337	0.28906	1
107.349	1.6	0.42824	0.25135	0.30349	1
107.415	1.78	0.42436	0.25055	0.31337	1
107.48	0.19	0.42254	0.24637	0.32182	1
107.546	1.78	0.42073	0.24442	0.32811	1
107.612	1.78	0.42133	0.24726	0.34422	1
107.677	1.78	0.42188	0.2498	0.34461	1
107.743	1.6	0.42131	0.25249	0.33872	1
107.808	1.78	0.41813	0.25511	0.30924	1
107.874	1.78	0.41938	0.25498	0.30934	1
107.94	1.6	0.41917	0.25344	0.31212	1
108.005	1.78	0.41865	0.25175	0.30614	1
108.071	1.78	0.41718	0.25154	0.29896	1
108.136	1.6	0.41557	0.25162	0.30356	1
108.202	1.78	0.41418	0.24975	0.30431	1
108.268	1.78	0.41232	0.24846	0.31968	1
108.333	1.6	0.41194	0.24942	0.32927	1
108.399	1.78	0.41172	0.25035	0.33579	2
108.465	1.6	0.41298	0.25283	0.34932	2
108.53	1.78	0.41499	0.25566	0.35033	2
108.596	1.6	0.4178	0.2613	0.35193	1
108.661	1.78	0.42042	0.26605	0.32298	1
108.727	1.78	0.42174	0.271	0.29556	1
108.793	1.6	0.42355	0.2748	0.28189	1
108.858	1.78	0.42379	0.27267	0.27126	1
108.924	1.78	0.42458	0.28186	0.25671	1
108.99	1.6	0.42496	0.29107	0.23748	1
109.055	1.78	0.42372	0.27384	0.23786	1
109.121	1.58	0.42096	0.25651	0.24486	1
109.186	1.78	0.41864	0.25411	0.25344	1
109.252	1.6	0.41723	0.25356	0.26483	1
109.318	1.78	0.41745	0.25382	0.26999	1
109.383	1.78	0.41329	0.25256	0.26309	1
109.449	1.6	0.40996	0.24902	0.29901	1
109.514	1.78	0.40677	0.24951	0.30442	1
109.58	1.78	0.40576	0.25037	0.30915	1
109.646	1.6	0.40679	0.25234	0.32165	2
109.711	1.6	0.40755	0.25851	0.34195	2
109.777	1.78	0.41051	0.2616	0.35932	2
109.843	1.6	0.41507	0.26685	0.36486	2
109.908	1.78	0.41851	0.27255	0.36816	1
109.974	1.6	0.42129	0.27722	0.35373	1
110.039	1.78	0.42281	0.28149	0.34253	1
110.105	1.6	0.42354	0.28432	0.33604	1
110.171	1.78	0.42519	0.28492	0.33472	1
110.236	1.6	0.42664	0.28804	0.33562	1
110.302	1.78	0.4279	0.29507	0.32294	1
110.367	1.6	0.42788	0.28483	0.31982	1
110.433	1.78	0.42915	0.27774	0.31322	1
110.499	1.6	0.42755	0.26951	0.30632	1
110.564	1.78	0.4246	0.27232	0.30306	1
110.63	0.18	0.42472	0.26983	0.33005	1
110.696	1.78	0.42188	0.26734	0.32931	1
110.761	1.6	0.42138	0.28093	0.34501	1
110.827	1.58	0.42549	0.28877	0.36204	1
110.892	1.58	0.43568	0.30136	0.36806	1
110.958	1.44	0.44243	0.30952	0.314	5
111.024	1.44	0.48871	0.30486	0.24445	5
111.089	1.32	0.52296	0.30046	0.22136	5
111.155	1.45	0.56974	0.3123	0.17548	5
111.22	1.32	0.61878	0.33005	0.12124	4
111.286	1.46	0.66133	0.34493	0.07938	4
111.352	1.33	0.68872	0.36196	0.06916	4
111.417	1.33	0.711	0.37985	0.06903	4
111.483	1.33	0.72666	0.3954	0.07652	4
111.549	1.23	0.73741	0.41069	0.07824	4
111.614	1.33	0.74495	0.42269	0.07771	4
111.68	1.23	0.74905	0.43428	0.07973	4
111.745	1.33	0.74918	0.4431	0.07786	4
111.811	1.23	0.74846	0.45325	0.07369	4
111.877	1.33	0.75261	0.44798	0.07606	4
111.942	1.23	0.75984	0.43234	0.07888	4
112.008	1.32	0.77445	0.43119	0.06942	4
112.073	1.22	0.78528	0.43885	0.0624	5
112.139	1.14	0.79108	0.44919	0.03129	5
112.205	1.23	0.7954	0.44314	0.03422	5
112.27	1.13	0.79104	0.43704	0.03178	4
112.336	1.14	0.80151	0.4466	0.04641	4
112.402	1.07	0.82239	0.4616	0.05781	5
112.467	1.14	0.84901	0.46441	0.02814	5
112.533	1.07	0.87143	0.44488	0.0014	5
112.598	1.07	0.89442	0.44076	0.00274	5
112.664	1.14	0.91532	0.4557	0.00815	5
112.73	1	0.93522	0.48415	0.00937	5
112.795	1.07	0.9491	0.50614	0.00445	5
112.861	0.93	0.94914	0.52802	0.00331	5
112.927	1	0.93951	0.56024	0.00783	4
112.992	0.89	0.93038	0.59948	0.01387	4
113.058	0.84	0.91842	0.6385	0.02406	4
113.123	0.88	0.90428	0.65543	0.02795	4
113.189	0.89	0.89253	0.6609	0.03378	4
113.255	0.89	0.88876	0.66319	0.03501	4
113.32	0.84	0.8928	0.66296	0.04096	4
113.386	0.89	0.88316	0.66687	0.04933	4
113.451	0.8	0.86906	0.66534	0.0518	4
113.517	0.84	0.86394	0.66223	0.05595	4
113.583	0.8	0.87213	0.65804	0.06267	4
113.648	0.84	0.89033	0.6498	0.0687	4
113.714	0.84	0.91305	0.66002	0.07514	4
113.78	0.8	0.94021	0.67724	0.07873	4
113.845	0.26	0.97071	0.6943	0.08493	4
113.911	0.93	0.97358	0.71018	0.06761	4
113.976	0.73	0.95668	0.72697	0.06186	4
114.042	0.64	0.94999	0.73707	0.07869	4
114.108	0.66	0.94056	0.73966	0.07288	4
114.173	0.59	0.94016	0.72602	0.08227	4
114.239	0.57	0.94923	0.71019	0.07725	4
114.304	0.55	0.97522	0.71246	0.08493	4
114.37	0.55	1.0181	0.71905	0.08116	4
114.436	0.57	1.07036	0.71719	0.07404	4
114.501	0.57	1.11555	0.71967	0.06491	4
114.567	0.59	1.13881	0.72151	0.06509	4
114.633	0.59	1.14089	0.71355	0.06522	4
114.698	0.62	1.12071	0.70587	0.06336	4
114.764	0.67	1.08572	0.69053	0.06518	4
114.829	0.7	1.05341	0.67004	0.06475	4
114.895	0.73	1.02692	0.65294	0.06575	4
114.961	0.73	0.9987	0.64435	0.06998	4
115.026	0.7	0.96916	0.63912	0.07819	4
115.092	0.7	0.94253	0.63578	0.08139	4
115.157	0.62	0.92785	0.63567	0.08919	4
115.223	0.62	0.92592	0.62778	0.08753	4
115.289	0.61	0.94066	0.60988	0.08567	4
115.354	0.67	0.97325	0.58524	0.08432	4
115.42	0.7	1.01901	0.56105	0.07991	4
115.486	0.76	1.07628	0.54373	0.06628	4
115.551	0.76	1.09376	0.53284	0.01329	5
115.617	0.24	1.07053	0.52893	-0.02017	5
115.682	0.76	1.03095	0.52246	-0.01891	5
115.748	0.73	0.98842	0.52522	-0.00831	5
115.814	0.76	0.95781	0.52959	0.00398	5
115.879	0.73	0.93787	0.53253	0.01377	4
115.945	0.76	0.92188	0.5326	0.05235	4
116.01	0.76	0.91737	0.5295	0.06284	4
116.076	0.73	0.9129	0.52467	0.07351	4
116.142	0.73	0.90925	0.52612	0.07842	4
116.207	0.73	0.90307	0.53013	0.0784	4
116.273	0.7	0.89366	0.53242	0.07788	4
116.339	0.7	0.88486	0.53327	0.07801	4
116.404	0.73	0.87832	0.53454	0.0807	4
116.47	0.73	0.87248	0.53496	0.0816	4
116.535	0.73	0.865	0.53522	0.08435	4
116.601	0.73	0.85785	0.53459	0.08289	4
116.667	0.7	0.85802	0.53521	0.08192	4
116.732	0.69	0.86966	0.53692	0.08304	4
116.798	0.7	0.89288	0.54467	0.08623	4
116.864	0.73	0.92884	0.56462	0.09228	4
116.929	0.73	0.97638	0.58812	0.09114	4
116.995	0.76	1.0271	0.60225	0.09031	4
117.06	0.8	1.05636	0.61833	0.09124	4
117.126	0.76	1.05663	0.63203	0.08769	4
117.192	0.76	1.0347	0.63073	0.08211	4
117.257	0.18	1.00706	0.60837	0.0814	4
117.323	0.76	0.98294	0.60555	0.08173	4
117.388	0.7	0.96235	0.58918	0.08314	4
117.454	0.7	0.94731	0.57817	0.0822	4
117.52	0.73	0.93891	0.56467	0.08502	4
117.585	0.76	0.93627	0.56102	0.08982	4
117.651	0.76	0.93835	0.56391	0.09071	4
117.717	0.7	0.94127	0.57075	0.09294	4
117.782	0.67	0.94456	0.57697	0.09268	4
117.848	0.64	0.94981	0.58454	0.09118	4
117.913	0.59	0.96571	0.58647	0.09196	4
117.979	0.55	0.99371	0.59788	0.09414	4
118.045	0.53	1.04078	0.62182	0.09411	4
118.11	0.55	1.10307	0.65184	0.09531	4
118.176	0.53	1.16221	0.68548	0.09397	4
118.241	0.53	1.21603	0.70804	0.09227	4
118.307	0.5	1.25355	0.72256	0.09367	4
118.373	0.47	1.25647	0.73731	0.09545	4
118.438	0.43	1.24247	0.74741	0.09803	4
118.504	0.53	1.24919	-32768	0.09101	4
118.57	0.53	1.27116	-32768	0.09129	4
118.635	0.5	1.30132	-32768	0.09376	4
118.701	0.47	1.33518	-32768	0.09416	4
