Depth	Speed	Tip	Friction	Pressure	SBT
0.02	2.29	0.37404	0.21034	-0.09698	
0.04	2	0.37851	0.21202	-0.09469	
0.06	2.29	0.38382	0.21259	-0.09828	
0.08	2	0.39032	0.21276	-0.09875	
0.1	2	0.39739	0.21363	-0.09844	
0.12	2.29	0.40138	0.21456	-0.10083	
0.14	2	0.40214	0.21476	-0.10413	
0.16	2.29	0.40228	0.21352	-0.10433	
0.18	2	0.39883	0.21304	-0.10041	
0.2	2.29	0.39286	0.21379	-0.09871	
0.22	2	0.38983	0.21382	-0.09857	
0.24	2.29	0.38695	0.216	-0.09851	
0.26	2	0.3827	0.21932	-0.0987	
0.28	2.29	0.37925	0.21981	-0.09864	
0.3	2	0.37751	0.22033	-0.09854	
0.32	2	0.37811	0.22429	-0.09821	
0.34	2.29	0.38183	0.23194	-0.09696	
0.36	2	0.38953	0.24238	-0.09055	
0.38	2.29	0.40351	0.25132	-0.08708	
0.4	1.97	0.42955	0.26533	-0.08212	
0.42	2.29	0.43819	0.27578	-0.07493	
0.44	2	0.44391	0.2866	-0.07763	
0.46	2.29	0.44131	0.28529	-0.0878	
0.48	2	0.4285	0.26889	-0.09799	
0.5	2.29	0.41356	0.2651	-0.10375	
0.52	2	0.40386	0.26108	-0.1043	
0.54	2	0.39756	0.25343	-0.10276	
0.56	2.29	0.39674	0.24846	-0.10123	
0.58	2	0.40429	0.24573	-0.10024	
0.6	2	0.42205	0.24534	-0.09945	
0.62	2.29	0.44118	0.24824	-0.09953	
0.64	2	0.4438	0.24786	-0.10099	
0.66	2.29	0.44083	0.24042	-0.10249	
0.68	2	0.43964	0.23456	-0.10362	
0.7	2.29	0.44724	0.23096	-0.10384	
0.72	2	0.4536	0.23021	-0.10386	
0.74	2	0.45669	0.22751	-0.10459	
0.76	2.29	0.45622	0.22157	-0.10509	
0.78	2	0.45224	0.21675	-0.1026	
0.8	0.18	0.44823	0.20971	-0.10219	
0.82	2.29	0.44385	0.21543	-0.10295	
0.84	2	0.442	0.22113	-0.10264	
0.86	2.29	0.44079	0.22047	-0.10338	
0.88	2	0.43818	0.2193	-0.10363	
0.9	2	0.4364	0.2246	-0.10014	
0.92	2.29	0.42805	0.2273	-0.10338	
0.94	2	0.41978	0.23181	-0.10502	
0.96	2.29	0.41185	0.22771	-0.10534	
0.98	2	0.40277	0.2243	-0.10505	
1	2	0.40784	0.22002	-0.1032	
1.02	2.29	0.42329	0.21449	-0.10256	
1.04	2	0.43692	0.21112	-0.10245	
1.06	2.29	0.44012	0.21133	-0.103	
1.08	2	0.43919	0.21234	-0.10345	
1.1	2	0.43496	0.21479	-0.10349	
1.12	2.29	0.43107	0.21653	-0.10347	
1.14	2	0.42638	0.21953	-0.10353	
1.16	2.29	0.42011	0.22499	-0.10338	
1.18	2	0.41057	0.22583	-0.1039	
1.2	2.29	0.40086	0.22215	-0.10446	
1.22	2	0.39426	0.2213	-0.10467	
1.24	2.29	0.38845	0.21921	-0.1045	
1.26	2	0.38441	0.21639	-0.10409	
1.28	2	0.38206	0.21846	-0.1032	
1.3	2.29	0.38135	0.22144	-0.10251	
1.32	2	0.38078	0.22422	-0.10176	
1.34	2.29	0.3806	0.22654	-0.10131	
1.36	2	0.38124	0.22682	-0.10055	
1.38	2.29	0.3827	0.22783	-0.09978	
1.4	2	0.38306	0.23314	-0.09924	
1.42	2.29	0.38487	0.23698	-0.09876	
1.44	2	0.38725	0.2416	-0.09826	
1.46	2	0.38926	0.2463	-0.09786	
1.48	2.29	0.39058	0.25248	-0.09766	
1.5	2	0.39046	0.25757	-0.09719	
1.52	2	0.39045	0.26111	-0.09689	
1.54	2.29	0.38991	0.26092	-0.0966	
1.56	2	0.38914	0.26062	-0.09676	
1.58	2.25	0.38757	0.26006	-0.09683	
1.6	2	0.38569	0.25738	-0.0969	
1.62	2.29	0.38357	0.25411	-0.09725	
1.64	2	0.38278	0.25038	-0.09757	
1.66	2.29	0.38181	0.24706	-0.09774	
1.68	2	0.38176	0.24303	-0.09775	
1.7	2	0.3813	0.23866	-0.09766	
1.72	2.29	0.38344	0.23872	-0.09735	
1.74	2	0.38794	0.24025	-0.09671	
1.76	0.15	0.38928	0.24237	-0.09638	
1.78	2.29	0.39049	0.24447	-0.09583	
1.8	2	0.39187	0.25113	-0.09551	
1.82	2	0.39243	0.25892	-0.09543	
1.84	2.29	0.39293	0.26461	-0.09538	
1.86	2	0.39254	0.2672	-0.09414	
1.88	2	0.39169	0.26635	-0.0947	
1.9	2.29	0.39174	0.26405	-0.09522	
1.92	2	0.39107	0.26014	-0.09527	
1.94	2.29	0.39043	0.25788	-0.09519	
1.96	2	0.38995	0.25372	-0.09503	
1.98	2	0.39034	0.25322	-0.09475	
2	2.29	0.39002	0.25445	-0.09456	
2.02	2	0.38968	0.25478	-0.09452	
2.04	2	0.38911	0.2551	-0.0943	
2.06	2.29	0.39019	0.25563	-0.09403	
2.08	2	0.39207	0.25571	-0.09414	
2.1	2	0.392	0.2569	-0.09394	
2.12	2.29	0.39192	0.2557	-0.09382	
2.14	2	0.39095	0.25361	-0.09367	
2.16	2.29	0.39172	0.2542	-0.09369	
2.18	2	0.39301	0.25568	-0.09354	
2.2	2.29	0.39324	0.25652	-0.09332	
2.22	2	0.39329	0.25562	-0.09319	
2.24	2.29	0.39421	0.2552	-0.09307	
2.26	2	0.39352	0.25537	-0.09335	
2.28	2	0.39365	0.25523	-0.09347	
2.3	2.29	0.39403	0.25325	-0.09299	
2.32	2	0.39499	0.25309	-0.09304	
2.34	2.29	0.39732	0.25505	-0.09256	
2.36	2	0.40019	0.26008	-0.09233	
2.38	2.29	0.40203	0.26295	-0.09211	
2.4	2	0.40164	0.26514	-0.09198	
2.42	2.29	0.40106	0.26719	-0.09162	
2.44	2	0.39969	0.26994	-0.09162	
2.46	2	0.39746	0.27003	-0.0916	
2.48	2	0.39551	0.26361	-0.09165	
2.5	2.29	0.3941	0.25742	-0.09154	
2.52	2	0.39397	0.25556	-0.09139	
2.54	0.8	0.39513	0.24614	-0.0912	
2.56	2	0.39588	0.24893	-0.09085	
2.58	2	0.39664	0.25199	-0.09068	
2.6	2.29	0.39622	0.25387	-0.09059	
2.62	2	0.39571	0.25393	-0.09071	
2.64	2	0.39651	0.25196	-0.08971	
2.66	2	0.39625	0.24663	-0.08974	
2.68	2.24	0.39657	0.2442	-0.08944	
2.7	2	0.39704	0.24526	-0.0892	
2.72	2.29	0.39774	0.24692	-0.08883	
2.74	2	0.39725	0.24874	-0.08864	
2.76	2.29	0.39742	0.2493	-0.08834	
2.78	2	0.39727	0.24957	-0.08834	
2.8	2	0.39635	0.25265	-0.08825	
2.82	2.29	0.39562	0.25214	-0.08799	
2.84	2	0.39529	0.2494	-0.08765	
2.86	2.29	0.39581	0.24999	-0.08753	
2.88	0.12	0.3977	0.24416	-0.08733	
2.9	2.29	0.39915	0.24907	-0.08713	
2.92	2	0.39993	0.25305	-0.0868	
2.94	2.29	0.39963	0.2567	-0.08653	
2.96	2	0.40003	0.26162	-0.08616	
2.98	2	0.40172	0.26455	-0.08392	
3	2.29	0.40173	0.26632	-0.08404	
3.02	2	0.40272	0.26727	-0.08393	
3.04	2	0.40265	0.26789	-0.084	
3.06	2.29	0.40139	0.26653	-0.08398	
3.08	2	0.39886	0.26363	-0.08383	
3.1	2.29	0.39706	0.25976	-0.08399	
3.12	2	0.39581	0.2559	-0.08389	
3.14	2	0.39548	0.25269	-0.08381	
3.16	2.29	0.39618	0.25303	-0.08369	
3.18	2	0.39747	0.25632	-0.0833	
3.2	2	0.39966	0.25959	-0.08293	
3.22	2.29	0.40167	0.26261	-0.08238	
3.24	2	0.40301	0.26834	-0.08203	
3.26	2.29	0.40349	0.27101	-0.082	
3.28	2	0.40233	0.2688	-0.08174	
3.3	2.29	0.39991	0.26499	-0.08159	
3.32	2	0.39857	0.26144	-0.0817	
3.34	2	0.39767	0.26313	-0.08159	
3.36	2.29	0.39711	0.26452	-0.08128	
3.38	2	0.39631	0.26717	-0.08132	
3.4	2.29	0.39496	0.263	-0.08137	
3.42	2	0.39557	0.25209	-0.08164	
3.44	2	0.39861	0.23856	-0.08134	
3.46	2.29	0.40133	0.22852	-0.08126	
3.48	2	0.39999	0.21961	-0.08151	
3.5	2.29	0.39401	0.21703	-0.08155	
3.52	2	0.38847	0.21648	-0.08117	
3.54	2.29	0.38539	0.21679	-0.08016	
3.56	2	0.38487	0.21794	-0.07857	
3.58	2	0.386	0.22247	-0.07665	
3.6	2	0.38629	0.22711	-0.07533	
3.62	2.29	0.38563	0.23238	-0.07427	
3.64	2	0.38548	0.23618	-0.07372	
3.66	2.29	0.38737	0.23809	-0.07346	
3.68	2	0.38921	0.23984	-0.07362	
3.7	2.29	0.38957	0.24063	-0.07354	
3.72	2	0.38969	0.24166	-0.07352	
3.74	1.97	0.38965	0.24147	-0.07342	
3.76	2.29	0.38983	0.23987	-0.07323	
3.78	2	0.39013	0.23653	-0.07349	
3.8	2.29	0.38828	0.23339	-0.07342	
3.82	1.97	0.3867	0.23212	-0.07345	
3.84	0.17	0.38583	0.22002	-0.07325	
3.86	2.29	0.38509	0.21725	-0.07301	
3.88	2	0.38444	0.21735	-0.07255	
3.9	2.29	0.38379	0.21949	-0.0725	
3.92	2	0.38342	0.22186	-0.07205	
3.94	2	0.38369	0.2225	-0.06499	
3.96	2.29	0.38415	0.22376	-0.06741	
3.98	2	0.38319	0.22643	-0.06748	
4	2	0.38265	0.22346	-0.06751	
4.02	2.29	0.38135	0.21901	-0.06737	
4.04	2	0.38023	0.21497	-0.06704	
4.06	2.29	0.38029	0.21263	-0.06693	
4.08	2	0.37947	0.21094	-0.06655	
4.1	2	0.37879	0.20954	-0.06603	
4.12	2.29	0.38001	0.21081	-0.06538	
4.14	2	0.3824	0.21524	-0.06447	
4.16	2	0.38385	0.21985	-0.0638	
4.18	2.29	0.38469	0.2253	-0.06307	
4.2	2	0.38558	0.2278	-0.06179	
4.22	2.29	0.38629	0.22831	-0.06115	
4.24	2	0.38659	0.22861	-0.06136	
4.26	2.29	0.38704	0.22856	-0.06132	
4.28	2	0.38759	0.2303	-0.06089	
4.3	2	0.38962	0.23212	-0.06	
4.32	2.29	0.39108	0.23386	-0.05922	
4.34	2	0.39182	0.23735	-0.05864	
4.36	2.29	0.39199	0.24047	-0.0584	
4.38	2	0.39183	0.24319	-0.05847	
4.4	2	0.3913	0.24258	-0.0582	
4.42	2.29	0.38989	0.24016	-0.05818	
4.44	2	0.38816	0.23694	-0.05881	
4.46	2.29	0.38701	0.23504	-0.06003	
4.48	2	0.38542	0.2275	-0.06074	
4.5	2.29	0.38356	0.22366	-0.0603	
4.52	2	0.38254	0.21993	-0.06003	
4.54	2	0.38234	0.21901	-0.05963	
4.56	2.29	0.38243	0.22089	-0.05885	
4.58	2	0.38306	0.22281	-0.05824	
4.6	2	0.38346	0.22394	-0.05778	
4.62	2.29	0.38356	0.22525	-0.05715	
4.64	2	0.38442	0.22541	-0.05658	
4.66	2.29	0.38575	0.22748	-0.05603	
4.68	2	0.38723	0.22963	-0.05527	
4.7	2	0.38785	0.23247	-0.05453	
4.72	2.29	0.38818	0.23291	-0.05378	
4.74	2	0.38781	0.23106	-0.05336	
4.76	2.29	0.38752	0.22947	-0.05332	
4.78	2	0.38714	0.22492	-0.05296	
4.8	2	0.38618	0.22169	-0.05258	
4.82	0.17	0.38535	0.21644	-0.05186	
4.84	2.29	0.38517	0.21658	-0.05131	
4.86	2	0.38491	0.21723	-0.05051	
4.88	2	0.38561	0.22457	-0.04915	
4.9	2.29	0.38881	0.2322	-0.04769	
4.92	2	0.39291	0.24369	-0.03601	
4.94	2	0.39686	0.25348	-0.0387	
4.96	2.29	0.39621	0.25903	-0.04168	
4.98	2	0.39384	0.25714	-0.04643	
5	2.29	0.39169	0.254	-0.05007	
5.02	2	0.38999	0.2512	-0.05069	
5.04	2	0.38878	0.24924	-0.05079	
5.06	2.29	0.38752	0.24519	-0.05074	
5.08	2	0.38657	0.24323	-0.05058	
5.1	2.29	0.38608	0.24069	-0.05083	
5.12	2	0.38517	0.23709	-0.05075	
5.14	2	0.38433	0.23244	-0.05034	
5.16	2	0.3842	0.23004	-0.05001	
5.18	2.29	0.38325	0.2291	-0.04925	
5.2	2	0.38259	0.22953	-0.04874	
5.22	2.29	0.38169	0.23036	-0.04817	
5.24	2	0.38108	0.23165	-0.04731	
5.26	2.29	0.38106	0.23286	-0.04661	
5.28	2	0.38036	0.23016	-0.04624	
5.3	2.29	0.37908	0.22653	-0.04649	
5.32	2	0.37826	0.22216	-0.04719	
5.34	2	0.37768	0.21884	-0.04741	
5.36	2.29	0.37694	0.21706	-0.04716	
5.38	2	0.37697	0.21629	-0.04617	
5.4	2.29	0.37711	0.21759	-0.04454	
5.42	2	0.37791	0.21978	-0.04282	
5.44	2.29	0.37887	0.22101	-0.04082	
5.46	2	0.37886	0.22284	-0.03932	
5.48	2	0.37961	0.22557	-0.03784	
5.5	2.29	0.38093	0.22843	-0.03686	
5.52	2	0.38211	0.22981	-0.03601	
5.54	2	0.38281	0.22943	-0.0354	
5.56	2.29	0.38309	0.22937	-0.03548	
5.58	2	0.38317	0.22943	-0.03632	
5.6	2	0.38277	0.22803	-0.03661	
5.62	2.29	0.38189	0.2269	-0.03638	
5.64	2	0.38157	0.226	-0.0359	
5.66	2.29	0.38193	0.22517	-0.03532	
5.68	2	0.38226	0.22497	-0.03439	
5.7	2	0.38266	0.22522	-0.03356	
5.72	2.29	0.38246	0.22576	-0.03301	
5.74	2	0.3817	0.22645	-0.03255	
5.76	2.29	0.38111	0.22647	-0.03218	
5.78	2	0.38065	0.22562	-0.03189	
5.8	0.21	0.38047	0.22059	-0.03174	
5.82	2	0.38043	0.21545	-0.03166	
5.84	2.29	0.38047	0.2151	-0.03164	
5.86	2	0.38029	0.21497	-0.03188	
5.88	2	0.37971	0.21495	-0.03206	
5.9	2.25	0.37964	0.21514	-0.02949	
5.92	2	0.37919	0.21471	-0.0341	
5.94	2	0.37856	0.21361	-0.03335	
5.96	2.29	0.37788	0.21195	-0.0327	
5.98	2	0.37775	0.21202	-0.03184	
6	2.29	0.37791	0.21332	-0.03092	
6.02	2	0.37865	0.21461	-0.02966	
6.04	2.29	0.37914	0.21461	-0.02866	
6.06	2	0.3815	0.2144	-0.02721	
6.08	2	0.38302	0.21412	-0.02647	
6.1	2	0.383	0.21444	-0.02696	
6.12	2.29	0.38092	0.21361	-0.02825	
6.14	2	0.37954	0.2135	-0.028	
6.16	2.29	0.37903	0.21184	-0.02701	
6.18	2	0.37783	0.21075	-0.02613	
6.2	2.29	0.378	0.21077	-0.02485	
6.22	2	0.37985	0.20862	-0.02307	
6.24	2	0.38229	0.20783	-0.0222	
6.26	2.29	0.38137	0.20891	-0.02284	
6.28	2	0.37967	0.20918	-0.02205	
6.3	2.29	0.37893	0.2107	-0.02101	
6.32	2	0.37866	0.21058	-0.01881	
6.34	2	0.37949	0.21049	-0.01696	
6.36	2.29	0.38024	0.21081	-0.01589	
6.38	2	0.38076	0.2099	-0.01448	
6.4	2.29	0.38088	0.20978	-0.0135	
6.42	2	0.38039	0.20991	-0.01281	
6.44	2.29	0.37954	0.20962	-0.01226	
6.46	2	0.37947	0.20885	-0.01143	
6.48	2	0.37904	0.2079	-0.01025	
6.5	2.29	0.37885	0.20742	-0.00963	
6.52	2	0.37788	0.20707	-0.00883	
6.54	2	0.37691	0.20696	-0.0078	
6.56	2.29	0.37604	0.20735	-0.00672	
6.58	2	0.37551	0.20919	-0.00522	
6.6	2.29	0.37527	0.2107	-0.0038	
6.62	2	0.37607	0.21192	-0.00262	
6.64	2	0.37756	0.21083	-0.00157	
6.66	2.29	0.38046	0.21225	-0.00086	
6.68	2	0.38886	0.21628	-0.00027	
6.7	2	0.39706	0.21821	-0.00364	
6.72	2.29	0.39801	0.22166	-0.01816	
6.74	2	0.39151	0.22185	-0.02004	
6.76	2.29	0.38889	0.21781	-0.0161	
6.78	0.2	0.39163	0.21751	-0.01394	
6.8	2.29	0.39116	0.21893	-0.01556	
6.82	2	0.38701	0.2221	-0.0171	
6.84	2	0.38257	0.22698	-0.01651	
6.86	2.29	0.38107	0.23114	-0.01389	
6.88	2	0.38527	0.22847	0.00179	
6.9	2	0.39023	0.22137	0.00206	
6.92	2.29	0.39734	0.21727	0.00094	
6.94	2	0.40941	0.22036	-0.00295	
6.96	2.29	0.4202	0.22269	-0.01363	
6.98	2	0.42534	0.21804	-0.03765	
7	2.29	0.41877	0.21252	-0.04349	
7.02	2	0.40901	0.21105	-0.06079	
7.04	2	0.39774	0.21517	-0.06863	
7.06	2.29	0.3893	0.21755	-0.06872	
7.08	2	0.38392	0.22309	-0.06586	
7.1	2	0.38288	0.2236	-0.06206	
7.12	2.25	0.38652	0.22533	-0.05791	
7.14	2	0.39171	0.22646	-0.05499	
7.16	2.29	0.39596	0.22116	-0.05303	
7.18	2	0.39644	0.2248	-0.05281	
7.2	2.29	0.4	0.22652	-0.05096	
7.22	2	0.41059	0.22583	-0.05053	
7.24	2	0.41083	0.22053	-0.05147	
7.26	2.29	0.40425	0.21724	-0.05114	
7.28	2	0.40076	0.21486	-0.05037	
7.3	2.29	0.39869	0.21273	-0.04963	
7.32	2	0.39328	0.21313	-0.04961	
7.34	2	0.38647	0.21323	-0.0483	
7.36	2.29	0.38218	0.2149	-0.04695	
7.38	2	0.37925	0.21411	-0.04421	
7.4	2.29	0.37922	0.21288	-0.04066	
7.42	2	0.37966	0.21294	-0.03759	
7.44	2.29	0.38	0.21206	-0.03466	
7.46	2	0.38019	0.21073	-0.03302	
7.48	2	0.3804	0.21033	-0.0304	
7.5	2.29	0.38191	0.20953	-0.0279	
7.52	2	0.38297	0.20954	-0.02546	
7.54	2	0.38267	0.21076	-0.0235	
7.56	2.29	0.38268	0.21068	-0.02099	
7.58	2	0.38231	0.21128	-0.01812	
7.6	2.29	0.38189	0.21294	-0.01625	
7.62	2	0.38192	0.21413	-0.01392	
7.64	2	0.3828	0.21605	-0.01139	
7.66	2.29	0.3829	0.21756	-0.00892	
7.68	2	0.38329	0.22055	-0.00663	
7.7	2	0.38377	0.22214	-0.00576	
7.72	2.29	0.38417	0.22134	-0.00449	
7.74	2	0.38542	0.22102	-0.00325	
7.76	0.19	0.38554	0.21808	-0.00304	
7.78	2.29	0.38566	0.22067	-0.00234	
7.8	2	0.38565	0.22301	-0.00112	
7.82	2.29	0.38568	0.22343	0.00072	
7.84	2	0.38564	0.22511	0.00258	
7.86	2	0.38728	0.2223	0.00498	
7.88	2.29	0.3895	0.22179	0.0073	
7.9	2	0.39122	0.22272	0.00775	
7.92	2	0.38996	0.22439	0.00713	
7.94	2.29	0.3864	0.22685	0.00805	
7.96	2	0.3857	0.22696	0.01197	
7.98	2.29	0.38761	0.22358	0.01439	
8	2	0.39172	0.22	0.01497	
8.02	2	0.39703	0.21972	0.01356	
8.04	2.29	0.39827	0.21888	0.00911	
8.06	2	0.39954	0.21902	0.00765	
8.08	2	0.40502	0.21587	0.0038	
8.1	2.29	0.40502	0.21502	-0.00673	
8.12	2	0.39905	0.21673	-0.00962	
8.14	2.29	0.39124	0.21933	-0.0087	
8.16	2	0.38554	0.21721	-0.00536	
8.18	2.29	0.38446	0.21478	0.00083	
8.2	2	0.38686	0.21493	0.00566	
8.22	2	0.38834	0.21637	0.0093	
8.24	2.29	0.38751	0.21857	0.01182	
8.26	2	0.38596	0.2211	0.01543	
8.28	2.29	0.38556	0.22246	0.0191	
8.3	1.97	0.38549	0.22285	0.02139	
8.32	2.29	0.38534	0.2234	0.02312	
8.34	2	0.38541	0.22394	0.02438	
8.36	2.29	0.38537	0.22347	0.02591	
8.38	2	0.38526	0.22332	0.02714	
8.4	2	0.38493	0.22273	0.02903	
8.42	2.29	0.38449	0.22302	0.03083	
8.44	2	0.38418	0.22346	0.03291	
8.46	2	0.38439	0.2246	0.03415	
8.48	2.29	0.38491	0.22477	0.03568	
8.5	2	0.38554	0.22532	0.03646	
8.52	2	0.38705	0.22545	0.03673	
8.54	2.29	0.38572	0.22594	0.04004	
8.56	2	0.38371	0.22682	0.04195	
8.58	2.29	0.38351	0.2248	0.04392	
8.6	2	0.38359	0.22289	0.04434	
8.62	2.29	0.38345	0.22265	0.04597	
8.64	2	0.38347	0.22276	0.04667	
8.66	2	0.38318	0.22286	0.04769	
8.68	2.29	0.38335	0.22298	0.04859	
8.7	2	0.38368	0.22347	0.04884	
8.72	0.18	0.38408	0.22417	0.0493	
8.74	2	0.38439	0.22484	0.05004	
8.76	2.29	0.38469	0.22582	0.05061	
8.78	2	0.38509	0.22767	0.05154	
8.8	2	0.38583	0.22879	0.05235	
8.82	2.29	0.38627	0.22909	0.06142	
8.84	2	0.38636	0.22916	0.0572	
8.86	2	0.38611	0.22884	0.05886	
8.88	2.29	0.38571	0.22798	0.05898	
8.9	2	0.38546	0.22679	0.06121	
8.92	2.29	0.38534	0.22601	0.06306	
8.94	2	0.38522	0.22552	0.06613	
8.96	2	0.38583	0.22535	0.069	
8.98	2.29	0.38627	0.22508	0.07132	
9	2	0.38656	0.22531	0.07319	
9.02	2	0.38677	0.22601	0.07477	
9.04	2.29	0.38735	0.22558	0.07661	
9.06	2	0.38683	0.22516	0.07651	
9.08	1.97	0.3859	0.22461	0.0757	
9.1	2.29	0.38611	0.22508	0.07383	
9.12	2	0.38596	0.22537	0.07143	
9.14	2.29	0.38487	0.22524	0.06968	
9.16	2	0.38294	0.22573	0.06448	
9.18	2.29	0.38237	0.22664	0.06452	
9.2	2	0.3827	0.22741	0.06241	
9.22	2.29	0.3834	0.22906	0.05813	
9.24	2	0.38432	0.23141	0.05512	
9.26	2	0.38472	0.23403	0.04883	
9.28	2.29	0.38509	0.23613	0.04277	
9.3	2	0.38554	0.23802	0.03697	
9.32	2.29	0.38653	0.23976	0.03199	
9.34	2	0.38777	0.24125	0.02762	
9.36	2.29	0.38844	0.24253	0.02358	
9.38	2	0.38925	0.24422	0.01952	
9.4	2	0.39023	0.24589	0.01539	
9.42	2.29	0.39059	0.247	0.01216	
9.44	2	0.39135	0.24728	0.00853	
9.46	2	0.39165	0.24842	0.00579	
9.48	2	0.39214	0.2491	0.00268	
9.5	2.24	0.39279	0.2509	-0.00056	
9.52	2	0.3934	0.25198	-0.00308	
9.54	2.29	0.39437	0.25308	-0.00481	
9.56	2	0.39527	0.25497	-0.00598	
9.58	2.29	0.39591	0.25656	-0.00878	
9.6	2	0.39535	0.25747	-0.01158	
9.62	2	0.39534	0.25666	-0.01461	
9.64	2.29	0.39646	0.25627	-0.02492	
9.66	2	0.39583	0.25709	-0.04672	
9.68	2	0.39604	0.25766	-0.04541	
9.7	0.21	0.3967	0.2577	-0.04392	
9.72	2.29	0.39746	0.25767	-0.04312	
9.74	2	0.39729	0.25881	-0.04189	
9.76	2.29	0.39824	0.25928	-0.04069	
9.78	2	0.39833	0.25831	-0.04023	
9.8	2	0.39918	0.25866	-0.0304	
9.82	2.29	0.39961	0.26096	-0.03231	
9.84	2	0.40108	0.2633	-0.03089	
9.86	2	0.40401	0.26416	-0.0294	
9.88	2.29	0.40641	0.26592	-0.03329	
9.9	2	0.40634	0.26815	-0.0486	
9.92	2	0.40574	0.26804	-0.05605	
9.94	2.29	0.40562	0.26819	-0.05446	
9.96	2	0.40563	0.26507	-0.05307	
9.98	2	0.40545	0.26314	-0.05184	
10	2.29	0.4041	0.26232	-0.04985	
10.02	2	0.40339	0.26302	-0.04852	
10.04	2	0.40291	0.26384	-0.04692	
10.06	2.29	0.40345	0.264	-0.0455	
10.08	2	0.4026	0.26208	-0.04448	
10.1	2.29	0.40128	0.26182	-0.04361	
10.12	2	0.39985	0.2591	-0.04335	
10.14	2.29	0.39831	0.25759	-0.04277	
10.16	2	0.39663	0.25454	-0.0416	
10.18	2	0.39515	0.2508	-0.04047	
10.2	2.29	0.39387	0.24875	-0.03973	
10.22	2	0.3929	0.2465	-0.03873	
10.24	2	0.39186	0.24495	-0.03841	
10.26	2.29	0.39061	0.24065	-0.03728	
10.28	2	0.38972	0.23441	-0.03609	
10.3	2.29	0.38953	0.2327	-0.03472	
10.32	2	0.39119	0.23763	-0.03283	
10.34	2.29	0.40098	0.24227	-0.03001	
10.36	2	0.40962	0.24463	-0.02794	
10.38	2	0.41289	0.24627	-0.03314	
10.4	2	0.40829	0.2461	-0.08706	
10.42	2.29	0.40756	0.24327	-0.09451	
10.44	2	0.40955	0.2316	-0.09386	
10.46	2	0.40797	0.22116	-0.0928	
10.48	2.29	0.40634	0.2213	-0.09158	
10.5	2	0.40421	0.22192	-0.09051	
10.52	2.29	0.40324	0.22288	-0.08944	
10.54	2	0.40205	0.22006	-0.0881	
10.56	2	0.39805	0.2189	-0.08645	
10.58	2.29	0.39713	0.21601	-0.0853	
10.6	1.97	0.39754	0.21556	-0.08392	
10.62	2.29	0.3978	0.21546	-0.08272	
10.64	2	0.39446	0.21652	-0.08115	
10.66	2	0.39225	0.21884	-0.07893	
10.68	0.43	0.39121	0.21892	-0.07547	
10.7	2	0.39092	0.2267	-0.07183	
10.72	2	0.3911	0.23286	-0.06933	
10.74	2	0.39109	0.23818	-0.06686	
10.76	2.29	0.39136	0.23926	-0.06537	
10.78	2	0.38996	0.23259	-0.06014	
10.8	0.21	0.39929	0.23277	-0.05826	
10.82	2	0.41545	0.23285	-0.05696	
10.84	2.29	0.42511	0.23511	-0.05872	
10.86	2	0.42053	0.23715	-0.06086	
10.88	2	0.41027	0.23985	-0.06059	
10.9	2.29	0.40472	0.23739	-0.0496	
10.92	2	0.39919	0.23218	-0.05062	
10.94	2	0.3958	0.22296	-0.0496	
10.96	2.29	0.39101	0.21627	-0.04841	
10.98	2	0.38752	0.21068	-0.0448	
11	2	0.38659	0.2086	-0.04076	
11.02	2.29	0.38677	0.2085	-0.03541	
11.04	2	0.38564	0.20979	-0.03209	
11.06	2.29	0.38295	0.21211	-0.02896	
11.08	2	0.38108	0.21408	-0.02451	
11.1	2	0.38159	0.21638	-0.01978	
11.12	2	0.38222	0.21996	-0.01529	
11.14	2.29	0.38311	0.22266	-0.01136	
11.16	2	0.38407	0.22334	-0.01052	
11.18	2.29	0.38461	0.22358	-0.00985	
11.2	2	0.3843	0.22343	-0.01037	
11.22	2.29	0.38373	0.22275	-0.01108	
11.24	2	0.3836	0.2214	-0.01123	
11.26	2.29	0.38326	0.218	-0.01152	
11.28	2	0.38305	0.21689	-0.01176	
11.3	2	0.38237	0.21757	-0.01312	
11.32	2.29	0.38133	0.21808	-0.01363	
11.34	2	0.3793	0.21964	-0.01306	
11.36	2	0.3779	0.22199	-0.01141	
11.38	2.29	0.37709	0.22244	-0.01102	
11.4	2	0.3764	0.23408	-0.01124	
11.42	2.29	0.37751	0.24174	-0.01204	
11.44	2	0.3834	0.24435	-0.01243	
11.46	2.29	0.39219	0.24734	-0.01355	
11.48	2	0.41332	0.25283	-0.01006	
11.5	2	0.4023	0.25157	0.00253	
11.52	2.29	0.39251	0.24985	0.00906	
11.54	2	0.38759	0.24802	0.0144	
11.56	2	0.38594	0.24136	0.02216	
11.58	2.29	0.38427	0.2413	0.01795	
11.6	2	0.39204	0.24	0.03168	
11.62	2	0.39626	0.23953	0.03312	
11.64	2.29	0.39324	0.23848	0.03106	
11.66	2	0.38734	0.2366	0.03068	
11.68	2.29	0.3842	0.23283	0.05804	
11.7	2	0.38391	0.2295	0.06236	
11.72	2	0.38335	0.22685	0.06243	
11.74	2.29	0.3835	0.22667	0.05985	
11.76	2	0.38312	0.22777	0.05426	
11.78	0.18	0.3826	0.22718	0.04495	
11.8	2	0.38161	0.22658	0.04712	
11.82	2	0.38244	0.22777	0.05083	
11.84	2.29	0.38296	0.22893	0.05234	
11.86	2	0.38343	0.23116	0.05446	
11.88	2	0.38406	0.2346	0.05429	
11.9	2.29	0.38493	0.23731	0.04414	
11.92	2	0.3855	0.2389	0.04314	
11.94	2	0.38601	0.23905	0.04343	
11.96	2.29	0.38688	0.23907	0.04083	
11.98	2	0.38729	0.23995	0.03668	
12	2.29	0.38728	0.24039	0.03348	
12.02	2	0.38697	0.24036	0.03129	
12.04	2	0.38669	0.23917	0.02946	
12.06	2.29	0.38626	0.23833	0.02975	
12.08	2	0.38608	0.23772	0.02984	
12.1	2	0.38588	0.23822	0.02829	
12.12	2.25	0.38515	0.23754	0.02834	
12.14	2	0.38454	0.23549	0.02877	
12.16	2.29	0.38421	0.23196	0.02871	
12.18	2	0.38385	0.22822	0.03094	
12.2	2.29	0.3835	0.22629	0.03402	
12.22	2	0.38283	0.22486	0.03699	
12.24	2	0.38124	0.22429	0.03968	
12.26	2.29	0.38067	0.22423	0.0422	
12.28	2	0.38076	0.22438	0.04316	
12.3	2.29	0.38096	0.22506	0.04098	
12.32	2	0.37977	0.22517	0.05182	
12.34	2	0.37906	0.22431	0.04869	
12.36	2.29	0.37843	0.22378	0.04941	
12.38	2	0.3783	0.2236	0.05102	
12.4	2.29	0.37859	0.22397	0.05242	
12.42	2	0.37878	0.22494	0.05553	
12.44	2	0.37949	0.22799	0.05747	
12.46	2.29	0.38003	0.23052	0.05737	
12.48	2	0.38008	0.2314	0.04868	
12.5	2	0.37958	0.23006	0.04312	
12.52	2.29	0.37902	0.22863	0.03879	
12.54	2	0.37799	0.22711	0.03705	
12.56	2	0.37737	0.22445	0.03887	
12.58	2.29	0.37673	0.22159	0.04027	
12.6	2	0.37616	0.21977	0.04166	
12.62	2.29	0.37587	0.21844	0.04944	
12.64	2	0.37571	0.21761	0.05131	
12.66	2	0.37646	0.21669	0.05196	
12.68	2.29	0.37634	0.2158	0.0543	
12.7	2	0.37544	0.21486	0.05765	
12.72	2	0.37479	0.21361	0.05789	
12.74	2.29	0.37473	0.21288	0.05756	
12.76	0.02	0.37505	0.21128	0.05905	
12.78	2	0.37524	0.21114	0.06134	
12.8	2.29	0.37513	0.21093	0.06426	
12.82	2	0.37532	0.21182	0.06639	
12.84	2	0.37573	0.21317	0.06802	
12.86	2.29	0.37558	0.21466	0.05013	
12.88	2	0.37577	0.21616	0.05461	
12.9	2	0.37687	0.21662	0.05878	
12.92	2.29	0.37752	0.21693	0.06048	
12.94	2	0.37792	0.21744	0.06135	
12.96	2.29	0.37809	0.21772	0.0631	
12.98	2	0.37824	0.21747	0.06617	
13	2	0.37816	0.21682	0.07025	
13.02	2.29	0.37817	0.21672	0.07307	
13.04	2	0.37831	0.21743	0.07486	
13.06	2	0.37872	0.21747	0.0777	
13.08	2.29	0.3784	0.21701	0.08398	
13.1	2	0.37883	0.21696	0.08744	
13.12	2	0.37945	0.21711	0.0899	
13.14	2.29	0.3799	0.21728	0.09373	
13.16	2	0.38053	0.21816	0.09736	
13.18	2.29	0.38105	0.2182	0.10092	
13.2	2	0.38163	0.21921	0.10426	
13.22	2.29	0.38224	0.22003	0.1073	
13.24	2	0.3828	0.22037	0.11129	
13.26	2.29	0.38308	0.22075	0.116	
13.28	2	0.38345	0.22143	0.11903	
13.3	2.29	0.38386	0.22142	0.12211	
13.32	2	0.38419	0.22171	0.12526	
13.34	2	0.38455	0.22186	0.12831	
13.36	2.29	0.38464	0.22223	0.1293	
13.38	2	0.38476	0.22277	0.13311	
13.4	2.29	0.38535	0.22394	0.13548	
13.42	2	0.38618	0.2261	0.13949	
13.44	2	0.38654	0.22928	0.14228	
13.46	2.29	0.38687	0.23158	0.1437	
13.48	2	0.38802	0.23391	0.14102	
13.5	2	0.38943	0.23705	0.13834	
13.52	2.29	0.39128	0.23994	0.1362	
13.54	1.97	0.39271	0.24175	0.13741	
13.56	2.29	0.39447	0.24465	0.14013	
13.58	2	0.39723	0.24884	0.13478	
13.6	2.29	0.3991	0.25137	0.12253	
13.62	2	0.40048	0.25489	0.112	
13.64	1.97	0.40162	0.257	0.09594	
13.66	2.29	0.40217	0.25874	0.08851	
13.68	2	0.40277	0.25963	0.10477	
13.7	2.29	0.40485	0.2612	0.09144	
13.72	2	0.40561	0.26181	0.0868	
13.74	0.19	0.40592	0.26286	0.08191	
13.76	2.29	0.40493	0.2637	0.07875	
13.78	2	0.40495	0.26291	0.0746	
13.8	2	0.40495	0.26291	0.07417	
13.82	2.29	0.40581	0.26202	0.07255	
13.84	2	0.40472	0.26091	0.13016	
13.86	2	0.40359	0.26306	0.10106	
13.88	2.29	0.40292	0.26374	0.08716	
13.9	2	0.4025	0.26332	0.0787	
13.92	2.29	0.40125	0.26329	0.07442	
13.94	2	0.40042	0.26164	0.07105	
13.96	2	0.40066	0.26024	0.07283	
13.98	2.29	0.40121	0.26158	0.07282	
14	2	0.40287	0.26272	0.07388	
14.02	2	0.40434	0.26343	0.0763	
14.04	2.29	0.40583	0.26484	0.07982	
14.06	2	0.40698	0.26727	0.07284	
14.08	2	0.40832	0.27046	0.07014	
14.1	2.29	0.40864	0.27242	0.06495	
14.12	2	0.40878	0.27374	0.06082	
14.14	2.29	0.4092	0.27592	0.05655	
14.16	2	0.40983	0.27763	0.05227	
14.18	2.29	0.40926	0.27835	0.04853	
14.2	2	0.4085	0.27716	0.04601	
14.22	2.29	0.40927	0.27512	0.0437	
14.24	2	0.40968	0.27245	0.04334	
14.26	2	0.40962	0.26776	0.04685	
14.28	2.29	0.40886	0.26433	0.05173	
14.3	2	0.40857	0.2653	0.05337	
14.32	2.29	0.40778	0.26668	0.05588	
14.34	2	0.40727	0.26739	0.06335	
14.36	2.29	0.40825	0.26743	0.06429	
14.38	2	0.409	0.26996	0.06161	
14.4	2.29	0.40873	0.27261	0.06405	
14.42	2	0.40844	0.27401	0.06493	
14.44	2	0.40841	0.27289	0.06571	
14.46	2	0.40851	0.27215	0.06467	
14.48	2.29	0.4087	0.27074	0.06728	
14.5	2	0.40869	0.2673	0.06718	
14.52	2.29	0.40445	0.2638	0.0691	
14.54	2	0.40163	0.26083	0.07241	
14.56	2	0.40068	0.25974	0.07151	
14.58	2.29	0.39942	0.2592	0.07218	
14.6	2	0.39864	0.2592	0.07499	
14.62	2.29	0.39854	0.25928	0.07544	
14.64	2	0.39792	0.25911	0.07533	
14.66	2	0.3979	0.25921	0.07598	
14.68	2.29	0.39831	0.25908	0.0761	
14.7	2	0.3984	0.25857	0.07671	
14.72	0.19	0.39876	0.25748	0.07897	
14.74	2	0.39922	0.25694	0.08366	
14.76	2.29	0.39948	0.25755	0.08371	
14.78	2	0.40013	0.25904	0.0841	
14.8	2	0.40123	0.26065	0.08492	
14.82	2.29	0.40085	0.26169	0.08407	
14.84	2	0.40124	0.26321	0.08917	
14.86	2	0.40135	0.26439	0.08788	
14.88	2.29	0.4008	0.26584	0.08392	
14.9	2	0.40075	0.26628	0.08417	
14.92	2.29	0.40091	0.26591	0.08225	
14.94	2	0.40104	0.26651	0.0808	
14.96	2	0.40084	0.26814	0.07705	
14.98	2.29	0.40105	0.2681	0.07671	
15	2	0.40158	0.26778	0.07759	
15.02	2	0.40194	0.26742	0.079	
15.04	2.29	0.40252	0.26688	0.075	
15.06	2	0.40222	0.26709	0.07333	
15.08	2	0.402	0.26492	0.07338	
15.1	2.29	0.40143	0.26455	0.07016	
15.12	2	0.40132	0.26454	0.07103	
15.14	2.29	0.40135	0.26399	0.06771	
15.16	2.21	0.40143	0.26352	0.06686	
15.18	2	0.40096	0.26224	0.06686	
15.2	2	0.40062	0.2609	0.06677	
15.22	2.29	0.4	0.26114	0.06892	
15.24	2	0.39943	0.26126	0.06885	
15.26	2.29	0.3991	0.26152	0.07188	
15.28	2	0.39912	0.26082	0.07366	
15.3	2.29	0.39951	0.26126	0.07375	
15.32	2	0.39968	0.26138	0.07403	
15.34	2	0.39996	0.25924	0.07501	
15.36	2.29	0.40014	0.25733	0.07744	
15.38	2	0.40096	0.25671	0.07987	
15.4	2	0.40196	0.25714	0.0812	
15.42	2.29	0.40173	0.25839	0.08111	
15.44	2	0.40251	0.26084	0.08207	
15.46	2	0.40277	0.26076	0.07468	
15.48	2.29	0.40196	0.26053	0.06834	
15.5	2	0.40117	0.25744	0.06348	
15.52	2.29	0.40055	0.25512	0.06139	
15.54	2	0.39979	0.25323	0.06246	
15.56	2.29	0.40054	0.25271	0.06729	
15.58	2	0.4012	0.2536	0.06785	
15.6	2	0.40212	0.25553	0.0675	
15.62	2.29	0.40302	0.25712	0.06647	
15.64	2	0.404	0.25933	0.06303	
15.66	2	0.40434	0.26031	0.05921	
15.68	0.19	0.40424	0.26114	0.06088	
15.7	2.29	0.40446	0.26185	0.05906	
15.72	2	0.40407	0.26179	0.05565	
15.74	2.25	0.40365	0.26154	0.05363	
15.76	2	0.40339	0.26043	0.05117	
15.78	2	0.4025	0.26004	0.06238	
15.8	2.29	0.40166	0.25989	0.0498	
15.82	2	0.40063	0.25879	0.05069	
15.84	2	0.40016	0.25626	0.06153	
15.86	2.29	0.39981	0.25607	0.05621	
15.88	2	0.3999	0.25758	0.05708	
15.9	2.29	0.4006	0.25787	0.0602	
15.92	2	0.40304	0.25723	0.06446	
15.94	2	0.4056	0.2589	0.06688	
15.96	2.29	0.40702	0.26312	0.0681	
15.98	2	0.40773	0.26684	0.07134	
16	2	0.40878	0.26935	0.07614	
16.02	2.29	0.4116	0.27027	0.081	
16.04	2	0.41412	0.27294	0.08372	
16.06	2	0.41517	0.27743	0.08704	
16.08	2.29	0.41442	0.28043	0.08462	
16.1	2	0.41279	0.28432	0.08417	
16.12	2.29	0.41285	0.28568	0.08028	
16.14	2	0.41327	0.28619	0.07518	
16.16	2.29	0.41349	0.2853	0.07283	
16.18	2	0.41244	0.28437	0.06678	
16.2	2.29	0.40993	0.28274	0.05986	
16.22	2	0.4081	0.28041	0.05584	
16.24	2	0.40619	0.27503	0.05005	
16.26	2.29	0.40372	0.27091	0.04667	
16.28	2	0.40145	0.26714	0.04321	
16.3	2.29	0.40034	0.26341	0.04289	
16.32	2	0.39906	0.25998	0.04761	
16.34	2.29	0.39872	0.25747	0.05084	
16.36	2	0.3988	0.25622	0.0525	
16.38	2	0.39909	0.25858	0.05464	
16.4	2	0.3997	0.26286	0.05602	
16.42	2.29	0.40024	0.26401	0.05816	
16.44	2	0.40142	0.2632	0.06031	
16.46	2	0.40333	0.26323	0.06115	
16.48	2.29	0.40516	0.26527	0.06255	
16.5	2	0.40901	0.26841	0.06311	
16.52	2.29	0.40881	0.27027	0.06376	
16.54	2	0.40679	0.27343	0.05826	
16.56	2.29	0.4052	0.2743	0.04809	
16.58	2	0.40476	0.27404	0.04107	
16.6	2	0.40316	0.27145	0.0384	
16.62	2.29	0.40318	0.26715	0.03702	
16.64	2	0.40175	0.26308	0.03632	
16.66	0.17	0.40064	0.26143	0.03668	
16.68	2	0.39975	0.25936	0.03859	
16.7	2.29	0.39916	0.25794	0.04148	
16.72	2	0.39945	0.2569	0.04331	
16.74	2	0.39956	0.25713	0.0445	
16.76	2.29	0.39918	0.25834	0.05378	
16.78	2	0.39863	0.25983	0.04714	
16.8	2	0.39938	0.26097	0.04991	
16.82	2.29	0.40013	0.25992	0.05131	
16.84	2	0.40067	0.26146	0.05281	
16.86	2.29	0.40112	0.26492	0.05456	
16.88	2	0.40153	0.26411	0.05517	
16.9	1.97	0.40209	0.26687	0.05689	
16.92	2.29	0.4042	0.27567	0.05749	
16.94	2	0.41324	0.29445	0.05878	
16.96	2	0.43448	0.31262	0.06381	
16.98	2.29	0.43386	0.32191	0.06279	
17	2	0.42645	0.32518	-0.09282	
17.02	2	0.42007	0.32697	-0.09994	
17.04	2.29	0.41407	0.31513	-0.10207	
17.06	2	0.4092	0.29626	-0.10223	
17.08	2.29	0.40604	0.28027	-0.10159	
17.1	2	0.4038	0.27115	-0.1009	
17.12	2.29	0.40343	0.26645	-0.10028	
17.14	2	0.40191	0.26239	-0.09994	
17.16	2.29	0.40003	0.25884	-0.09921	
17.18	2	0.39864	0.25451	-0.09871	
17.2	2	0.39815	0.25038	-0.09807	
17.22	2.29	0.39826	0.24786	-0.0974	
17.24	2	0.40135	0.24912	-0.09665	
17.26	2.29	0.40648	0.25402	-0.09599	
17.28	2	0.41096	0.26149	-0.09504	
17.3	2.29	0.40994	0.26937	-0.09405	
17.32	2	0.40944	0.27579	-0.09391	
17.34	2	0.40765	0.28243	-0.0943	
17.36	2.29	0.40658	0.2812	-0.09417	
17.38	2	0.40631	0.27598	-0.09393	
17.4	2	0.40569	0.27476	-0.09376	
17.42	2.29	0.40574	0.27448	-0.09361	
17.44	2	0.40569	0.27383	-0.0933	
17.46	2.29	0.40542	0.27443	-0.09313	
17.48	2	0.40562	0.27463	-0.0927	
17.5	2	0.4061	0.27392	-0.09242	
17.52	2.29	0.40672	0.2732	-0.09218	
17.54	2	0.40936	0.27149	-0.09179	
17.56	2.29	0.41095	0.27004	-0.09136	
17.58	2	0.4075	0.26816	-0.09052	
17.6	2	0.40447	0.26811	-0.09029	
17.62	2.29	0.40357	0.26834	-0.08986	
17.64	0.18	0.40358	0.2683	-0.08963	
17.66	2.29	0.40346	0.2683	-0.08926	
17.68	2	0.40369	0.2708	-0.08876	
17.7	2.29	0.4039	0.27437	-0.08849	
17.72	2	0.40512	0.27611	-0.08853	
17.74	2	0.40545	0.27715	-0.08611	
17.76	2.29	0.40585	0.2781	-0.08634	
17.78	2	0.40711	0.27829	-0.0862	
17.8	2	0.40803	0.27758	-0.08599	
17.82	2.29	0.40868	0.27684	-0.08567	
17.84	2	0.4092	0.27693	-0.08557	
17.86	2.29	0.40969	0.27697	-0.0853	
17.88	2	0.41065	0.27656	-0.08502	
17.9	2	0.41104	0.2756	-0.08468	
17.92	2.29	0.4115	0.27596	-0.08437	
17.94	2	0.41275	0.27755	-0.08383	
17.96	2	0.41432	0.28067	-0.08353	
17.98	2.29	0.41529	0.28178	-0.0831	
18	2	0.41592	0.2832	-0.08268	
18.02	2	0.41603	0.28311	-0.08244	
18.04	2.29	0.41501	0.2827	-0.08226	
18.06	2	0.41336	0.28069	-0.08195	
18.08	2.21	0.41323	0.27785	-0.08192	
18.1	2.29	0.41196	0.27541	-0.08151	
18.12	0.8	0.41148	0.2726	-0.08137	
18.14	2	0.41045	0.2698	-0.08104	
18.16	2.29	0.40918	0.2676	-0.08101	
18.18	2	0.40772	0.26419	-0.08065	
18.2	2.29	0.40716	0.26108	-0.08053	
18.22	1.94	0.40656	0.25762	-0.07937	
18.24	2.29	0.40593	0.2552	-0.0793	
18.26	2	0.40552	0.25411	-0.0789	
18.28	2	0.40577	0.25527	-0.07857	
18.3	2.29	0.40589	0.25801	-0.07839	
18.32	2	0.40644	0.26107	-0.07791	
18.34	2.29	0.40683	0.26291	-0.07767	
18.36	2	0.40792	0.26604	-0.07731	
18.38	2	0.40883	0.26852	-0.07714	
18.4	2.29	0.40943	0.26955	-0.07681	
18.42	2	0.41021	0.27083	-0.0766	
18.44	2	0.41049	0.27287	-0.07645	
18.46	2.29	0.41082	0.27451	-0.07621	
18.48	2	0.41147	0.27605	-0.07596	
18.5	2	0.41291	0.27748	-0.07563	
18.52	2	0.41474	0.28155	-0.07551	
18.54	2.29	0.4163	0.28602	-0.07505	
18.56	2	0.41832	0.28993	-0.07489	
18.58	2.29	0.42269	0.29297	-0.07457	
18.6	2	0.42761	0.29699	-0.07423	
18.62	2	0.42958	0.29892	-0.07372	
18.64	2.29	0.4277	0.30085	-0.07307	
18.66	2	0.42556	0.30299	-0.07303	
18.68	2	0.42424	0.30355	-0.07309	
18.7	2.29	0.4228	0.30223	-0.0725	
18.72	0.12	0.42301	0.30369	-0.07192	
18.74	2	0.42388	0.30506	-0.07175	
18.76	2	0.42452	0.30252	-0.0716	
18.78	2.29	0.42504	0.30232	-0.07149	
18.8	2	0.42535	0.30351	-0.07135	
18.82	2	0.42426	0.30266	-0.06881	
18.84	2.29	0.42292	0.30291	-0.06923	
18.86	2	0.42425	0.29932	-0.06857	
18.88	2	0.42521	0.29624	-0.06833	
18.9	2.29	0.42697	0.29611	-0.06796	
18.92	2	0.42771	0.29648	-0.06766	
18.94	2.29	0.4265	0.2985	-0.06697	
18.96	2	0.42597	0.29918	-0.06619	
18.98	2	0.42506	0.29885	-0.06582	
19	2.29	0.42409	0.29833	-0.06583	
19.02	2	0.4232	0.29762	-0.06578	
19.04	2	0.4229	0.29766	-0.06551	
19.06	2.29	0.42332	0.29779	-0.06555	
19.08	2	0.42289	0.29552	-0.06544	
19.1	2	0.42237	0.2936	-0.06512	
19.12	2.25	0.42193	0.29344	-0.06503	
19.14	2.29	0.42187	0.29355	-0.0649	
19.16	2	0.42133	0.29467	-0.06449	
19.18	2	0.42266	0.29609	-0.06426	
19.2	2.29	0.42375	0.2973	-0.06383	
19.22	2	0.42419	0.29917	-0.06399	
19.24	2.29	0.42402	0.29875	-0.06391	
19.26	2	0.42273	0.29819	-0.06369	
19.28	2	0.42107	0.2973	-0.06325	
19.3	2.29	0.42008	0.2969	-0.06312	
19.32	2	0.41842	0.29473	-0.06318	
19.34	2.29	0.41741	0.29109	-0.06269	
19.36	2	0.41702	0.28665	-0.06279	
19.38	2.29	0.41617	0.28393	-0.06276	
19.4	2	0.415	0.28116	-0.0625	
19.42	2	0.41439	0.2761	-0.06179	
19.44	2.29	0.41487	0.2745	-0.06143	
19.46	2	0.41544	0.27621	-0.06103	
19.48	2	0.41604	0.27949	-0.06066	
19.5	2.29	0.41685	0.28146	-0.06021	
19.52	2	0.41787	0.28366	-0.05979	
19.54	2.29	0.41866	0.28588	-0.05965	
19.56	2	0.41936	0.28843	-0.05915	
19.58	2	0.41918	0.28673	-0.05893	
19.6	2.29	0.41883	0.28396	-0.05866	
19.62	2	0.41864	0.28027	-0.05831	
19.64	2.29	0.41838	0.27637	-0.05817	
19.66	2	0.41733	0.27297	-0.0577	
19.68	2	0.416	0.27201	-0.05693	
19.7	0.18	0.41577	0.27332	-0.05651	
19.72	2	0.41664	0.27442	-0.05613	
19.74	2	0.41699	0.275	-0.05571	
19.76	2.29	0.41746	0.27686	-0.05516	
19.78	2	0.41806	0.27848	-0.05493	
19.8	2	0.41836	0.28125	-0.05193	
19.82	2.29	0.41847	0.28034	-0.05128	
19.84	2	0.41899	0.27675	-0.05059	
19.86	2	0.42	0.27678	-0.05042	
19.88	2.29	0.42016	0.27894	-0.05002	
19.9	2	0.42019	0.28015	-0.04995	
19.92	2.29	0.41997	0.2812	-0.04895	
19.94	2	0.42155	0.28193	-0.04816	
19.96	2	0.42229	0.28268	-0.04767	
19.98	2.29	0.42233	0.28604	-0.04752	
20	2	0.4219	0.28593	-0.04707	
20.02	2	0.4211	0.28655	-0.04658	
20.04	2.29	0.42049	0.285	-0.04572	
20.06	2	0.42079	0.28091	-0.04537	
20.08	2	0.42091	0.27758	-0.04476	
20.1	2.29	0.42041	0.27495	-0.04379	
20.12	2	0.4202	0.27188	-0.04342	
20.14	2.29	0.41904	0.27037	-0.04276	
20.16	2	0.41838	0.26952	-0.04207	
20.18	2.29	0.41846	0.26882	-0.04179	
20.2	2	0.41786	0.26869	-0.04126	
20.22	2.29	0.41683	0.2676	-0.04056	
20.24	2	0.4158	0.26666	-0.04003	
20.26	2	0.41519	0.2656	-0.0398	
20.28	2.29	0.41465	0.26511	-0.03935	
20.3	1.97	0.41478	0.26594	-0.03909	
20.32	2.29	0.41524	0.26644	-0.03865	
20.34	2	0.41533	0.2686	-0.03765	
20.36	2.29	0.41543	0.27097	-0.0371	
20.38	2	0.41636	0.27328	-0.03668	
20.4	2	0.41715	0.27608	-0.03676	
20.42	2	0.41803	0.278	-0.03628	
20.44	2.29	0.41924	0.2794	-0.03639	
20.46	2	0.41893	0.28056	-0.03564	
20.48	2.29	0.41966	0.28055	-0.03541	
20.5	2	0.42017	0.28268	-0.03484	
20.52	2	0.41986	0.28435	-0.03442	
20.54	2.29	0.41863	0.28557	-0.02937	
20.56	2	0.41806	0.28643	-0.0291	
20.58	2.29	0.41709	0.28805	-0.02953	
20.6	2	0.41451	0.28824	-0.02947	
20.62	2	0.41412	0.28528	-0.02968	
20.64	2.29	0.41241	0.28428	-0.02968	
20.66	2	0.41156	0.28027	-0.02918	
20.68	0.18	0.41053	0.27337	-0.02847	
20.7	2	0.40988	0.27012	-0.02829	
20.72	2.29	0.40899	0.26696	-0.02847	
20.74	2	0.40809	0.26292	-0.02794	
20.76	2	0.40719	0.26182	-0.0269	
20.78	2.29	0.40549	0.26295	-0.02236	
20.8	2	0.406	0.26354	-0.02051	
20.82	2	0.40667	0.26222	-0.01932	
20.84	2.29	0.40698	0.26214	-0.01814	
20.86	2	0.40717	0.26346	-0.01749	
20.88	2.29	0.40685	0.26391	-0.0167	
20.9	2	0.40588	0.26251	-0.01586	
20.92	2	0.40496	0.26062	-0.01499	
20.94	2.29	0.40467	0.25909	-0.01415	
20.96	2	0.40422	0.25723	-0.01327	
20.98	2	0.40371	0.25537	-0.0124	
21	2	0.40345	0.25379	-0.01154	
21.02	2.29	0.40303	0.25293	-0.0106	
21.04	2	0.40263	0.2516	-0.00939	
21.06	2.29	0.40276	0.25086	-0.00835	
21.08	2	0.40309	0.25174	-0.00682	
21.1	2.29	0.40269	0.25202	-0.00545	
21.12	2	0.40166	0.25114	-0.00457	
21.14	2.29	0.4007	0.24981	-0.00371	
21.16	2	0.40003	0.24956	-0.00319	
21.18	2	0.39886	0.24892	-0.00241	
21.2	2.29	0.39763	0.2481	-0.00145	
21.22	2	0.39681	0.24629	-0.0006	
21.24	2	0.39648	0.24566	0.00002	
21.26	2.17	0.39623	0.24506	0.00082	
21.28	2.29	0.39618	0.24446	0.00163	
21.3	2	0.39595	0.24351	0.00257	
21.32	2.29	0.39567	0.2432	0.00363	
21.34	2	0.39506	0.24301	0.00449	
21.36	2	0.39433	0.24267	0.00547	
21.38	2	0.3935	0.2411	0.00676	
21.4	2.29	0.39281	0.23931	0.00769	
21.42	2	0.39252	0.23909	0.00859	
21.44	2	0.39257	0.24005	0.00992	
21.46	2.25	0.39395	0.23928	0.01142	
21.48	2	0.39589	0.24114	0.01286	
21.5	2.29	0.39749	0.24371	0.01362	
21.52	2	0.40007	0.24792	0.0142	
21.54	2.29	0.40162	0.25045	0.01559	
21.56	2	0.40403	0.25268	0.01717	
21.58	2	0.40527	0.25477	0.01762	
21.6	2.29	0.40587	0.25703	0.0194	
21.62	2	0.40599	0.25812	0.02008	
21.64	0.17	0.40658	0.25942	0.02167	
21.66	2.29	0.40781	0.26069	0.02206	
21.68	2	0.40834	0.26154	0.02211	
21.7	2	0.40988	0.26316	0.0231	
21.72	2.29	0.41162	0.26328	0.02496	
21.74	2	0.41062	0.26243	0.03001	
21.76	2	0.40908	0.26188	0.02834	
21.78	2.29	0.40855	0.26251	0.02937	
21.8	2	0.40827	0.26412	0.03055	
21.82	2	0.40838	0.26386	0.03258	
21.84	2.29	0.40994	0.26353	0.03548	
21.86	2	0.41106	0.26547	0.03838	
21.88	2.29	0.41129	0.26731	0.04047	
21.9	2	0.4107	0.26791	0.04244	
21.92	2	0.41011	0.26692	0.0453	
21.94	2.29	0.40957	0.26598	0.04573	
21.96	2	0.40931	0.26488	0.04759	
21.98	2	0.40864	0.26181	0.05027	
22	2.29	0.40813	0.26068	0.05284	
22.02	2	0.40856	0.25882	0.05608	
22.04	2	0.40963	0.25807	0.05802	
22.06	2.29	0.40988	0.25913	0.06024	
22.08	2	0.40882	0.2599	0.06191	
22.1	2.29	0.40741	0.25955	0.06332	
22.12	2	0.40553	0.25859	0.06483	
22.14	2.29	0.40433	0.25651	0.06779	
22.16	2	0.40383	0.25424	0.06902	
22.18	2	0.4032	0.2541	0.07031	
22.2	2.29	0.40291	0.25447	0.07308	
22.22	2	0.40372	0.25467	0.07424	
22.24	2.29	0.4042	0.25449	0.07578	
22.26	2	0.40416	0.25388	0.07708	
22.28	2.29	0.40448	0.25352	0.07863	
22.3	2	0.40452	0.25362	0.07948	
22.32	2	0.40377	0.25517	0.0815	
22.34	2.29	0.40386	0.25509	0.08311	
22.36	2	0.40354	0.25472	0.0849	
22.38	2	0.40409	0.25863	0.08592	
22.4	2	0.40502	0.25958	0.08774	
22.42	2.29	0.4102	0.26021	0.09164	
22.44	2	0.41513	0.25875	0.09029	
22.46	2.29	0.4093	0.25728	0.09689	
22.48	2	0.40169	0.2565	0.13352	
22.5	2.29	0.40133	0.25522	0.1414	
22.52	2	0.40194	0.25262	0.14119	
22.54	2	0.40245	0.25283	0.14254	
22.56	0.76	0.40278	0.2518	0.14385	
22.58	2	0.40344	0.25496	0.14373	
22.6	2.21	0.40359	0.257	0.14429	
22.62	2	0.40314	0.25824	0.14599	
22.64	2	0.40307	0.26032	0.14779	
22.66	2.29	0.40262	0.26184	0.14646	
22.68	2	0.40436	0.26488	0.14937	
22.7	2	0.40499	0.26147	0.15093	
22.72	2.29	0.40611	0.2619	0.15229	
22.74	0.16	0.40766	0.26472	0.15367	
22.76	2.29	0.40856	0.26765	0.1581	
22.78	2	0.40983	0.26812	0.16342	
22.8	2	0.40692	0.26892	0.15736	
22.82	2.29	0.40633	0.26938	0.15749	
22.84	2	0.40619	0.26705	0.15941	
22.86	2	0.40565	0.26382	0.1609	
22.88	2.29	0.40499	0.26127	0.16429	
22.9	2	0.4044	0.25892	0.16581	
22.92	2	0.40431	0.2573	0.16876	
22.94	2.29	0.40467	0.25644	0.17342	
22.96	2	0.40531	0.25749	0.17551	
22.98	2.29	0.40536	0.25868	0.17716	
23	2	0.40533	0.25886	0.17998	
23.02	2	0.40521	0.25938	0.18332	
23.04	2	0.40522	0.25973	0.18827	
23.06	2.29	0.40539	0.25997	0.18904	
23.08	2	0.40594	0.26027	0.1899	
23.1	2	0.40593	0.26058	0.19154	
23.12	2.29	0.4056	0.26177	0.19313	
23.14	2	0.40617	0.2613	0.19266	
23.16	2.29	0.40601	0.26051	0.19448	
23.18	2	0.40565	0.25926	0.19726	
23.2	2.29	0.40556	0.25851	0.19645	
23.22	2	0.40498	0.25742	0.19897	
23.24	2	0.40425	0.25711	0.20349	
23.26	2.29	0.40424	0.2569	0.2037	
23.28	2	0.40421	0.25711	0.20535	
23.3	2	0.40407	0.25727	0.20685	
23.32	2.29	0.40401	0.25725	0.20586	
23.34	2	0.40383	0.25862	0.20694	
23.36	2.29	0.40411	0.2604	0.20908	
23.38	2	0.40424	0.26057	0.21009	
23.4	2.29	0.40373	0.26122	0.21258	
23.42	2	0.4028	0.26257	0.21311	
23.44	2	0.40225	0.26339	0.21374	
23.46	2	0.40161	0.26522	0.21343	
23.48	2.29	0.40224	0.26663	0.21339	
23.5	2	0.40339	0.26727	0.21567	
23.52	2	0.40467	0.26828	0.21744	
23.54	2.29	0.40603	0.27035	0.21556	
23.56	2	0.40719	0.27352	0.21553	
23.58	2.29	0.40765	0.27479	0.21886	
23.6	2	0.40852	0.27627	0.21695	
23.62	2	0.40895	0.27883	0.21117	
23.64	2.29	0.40892	0.28011	0.19801	
23.66	2	0.40864	0.28037	0.18997	
23.68	2	0.40896	0.27898	0.1848	
23.7	2.29	0.40958	0.27767	0.18006	
23.72	0.17	0.40988	0.27821	0.17745	
23.74	2.29	0.4109	0.27878	0.17606	
23.76	2	0.41135	0.27815	0.17242	
23.78	2	0.41143	0.27792	0.17117	
23.8	2	0.41167	0.2765	0.16963	
23.82	2.29	0.41015	0.27519	0.1652	
23.84	2	0.41138	0.27381	0.16438	
23.86	2	0.41055	0.27219	0.16288	
23.88	2.29	0.41018	0.27043	0.16387	
23.9	2	0.41062	0.27063	0.16157	
23.92	2	0.40978	0.27156	0.16219	
23.94	2.29	0.40886	0.27118	0.15973	
23.96	2	0.40811	0.26954	0.15574	
23.98	2	0.40714	0.26985	0.15322	
24	2.29	0.40672	0.26852	0.1518	
24.02	2	0.40699	0.26629	0.15393	
24.04	2	0.40787	0.26532	0.15856	
24.06	2	0.4087	0.26713	0.15814	
24.08	2.29	0.40888	0.26902	0.1567	
24.1	2	0.40908	0.27046	0.158	
24.12	2.29	0.40973	0.27163	0.15817	
24.14	2	0.41012	0.27182	0.15732	
24.16	2	0.41042	0.27222	0.15624	
24.18	2.29	0.4106	0.27112	0.15821	
24.2	2	0.41038	0.27084	0.15994	
24.22	2	0.41081	0.2702	0.16366	
24.24	2.29	0.41222	0.27116	0.16431	
24.26	2	0.41149	0.27168	0.17325	
24.28	2	0.41147	0.27154	0.17362	
24.3	2.29	0.41225	0.27043	0.17118	
24.32	1.91	0.41318	0.27272	0.1682	
24.34	2.29	0.41332	0.2729	0.16639	
24.36	2	0.41363	0.27136	0.16911	
24.38	2	0.41401	0.27047	0.16597	
24.4	2	0.41351	0.27096	0.16504	
24.42	2.29	0.41365	0.27203	0.16468	
24.44	2	0.41444	0.27198	0.16832	
24.46	2	0.41616	0.27204	0.16888	
24.48	2	0.41715	0.27356	0.16893	
24.5	2.29	0.41723	0.27441	0.16677	
24.52	2	0.41726	0.27218	0.16597	
24.54	2	0.4166	0.27174	0.16677	
24.56	2.29	0.41672	0.27139	0.17103	
24.58	2	0.4169	0.27093	0.1766	
24.6	2	0.41679	0.27103	0.18255	
24.62	2	0.41843	0.27188	0.18247	
24.64	2.29	0.41948	0.27376	0.18218	
24.66	2	0.4189	0.27454	0.18533	
24.68	0.15	0.41929	0.27704	0.18589	
24.7	2.29	0.42041	0.27927	0.18689	
24.72	2	0.42066	0.27843	0.18885	
24.74	2	0.42144	0.27751	0.18821	
24.76	2	0.42127	0.27621	0.18695	
24.78	2	0.42094	0.27443	0.19969	
24.8	2.29	0.42066	0.27248	0.19828	
24.82	2	0.42123	0.27103	0.20286	
24.84	2	0.42095	0.27097	0.20544	
24.86	2	0.41983	0.27161	0.21064	
24.88	2	0.41824	0.27123	0.20817	
24.9	2.29	0.41835	0.2717	0.20778	
24.92	2	0.4182	0.27122	0.21441	
24.94	2	0.41823	0.2704	0.21634	
24.96	2	0.41889	0.27011	0.22011	
24.98	2	0.41873	0.26923	0.21919	
25	2	0.41837	0.26915	0.21877	
25.02	2	0.41832	0.26928	0.22141	
25.04	2	0.41796	0.26951	0.22094	
25.06	2.29	0.41708	0.2697	0.21944	
25.08	2	0.41652	0.26777	0.22067	
25.1	2	0.41574	0.26613	0.22352	
25.12	2.29	0.41553	0.26439	0.21943	
25.14	2	0.41503	0.26432	0.21623	
25.16	2	0.41391	0.26406	0.21716	
25.18	2	0.41295	0.2622	0.21864	
25.2	2	0.41196	0.26021	0.22156	
25.22	2	0.41134	0.25877	0.22402	
25.24	2.29	0.41052	0.25884	0.22515	
25.26	2	0.40919	0.25792	0.22464	
25.28	2	0.40839	0.25572	0.22886	
25.3	2	0.40789	0.2545	0.23245	
25.32	2.29	0.40829	0.25488	0.23392	
25.34	2	0.40844	0.25474	0.23777	
25.36	2	0.40859	0.25245	0.24252	
25.38	2	0.40926	0.2507	0.24693	
25.4	2	0.40979	0.25026	0.25091	
25.42	2	0.40993	0.25092	0.25568	
25.44	2	0.41029	0.25184	0.25851	
25.46	2	0.41053	0.25308	0.26338	
25.48	2	0.41086	0.25518	0.2623	
25.5	2.29	0.41072	0.25639	0.26004	
25.52	2	0.41126	0.25984	0.25612	
25.54	2	0.4123	0.26138	0.25639	
25.56	2	0.41335	0.26194	0.2587	
25.58	2	0.41399	0.26178	0.25898	
25.6	2	0.41443	0.26199	0.25104	
25.62	2	0.41362	0.26285	0.24506	
25.64	2.29	0.4122	0.26196	0.24443	
25.66	0.16	0.41091	0.26223	0.24001	
25.68	2.29	0.41086	0.26212	0.23586	
25.7	2	0.41039	0.2616	0.23626	
25.72	2	0.41078	0.26103	0.241	
25.74	2	0.41064	0.25987	0.24248	
25.76	1.78	0.40914	0.26042	0.25412	
25.78	2.25	0.41151	0.26097	0.26673	
25.8	2	0.41198	0.26078	0.26787	
25.82	2	0.41273	0.25971	0.27079	
25.84	2	0.41349	0.25926	0.27612	
25.86	2	0.41318	0.25949	0.27605	
25.88	2	0.41311	0.2599	0.27937	
25.9	2	0.41326	0.25994	0.2846	
25.92	2	0.41367	0.2604	0.28383	
25.94	1.78	0.41408	0.26056	0.28109	
25.96	2	0.41403	0.26103	0.28355	
25.98	2	0.41332	0.26023	0.28205	
26	2	0.41222	0.25772	0.28174	
26.02	2	0.41115	0.25673	0.27979	
26.04	2	0.40998	0.25658	0.2793	
26.06	2	0.40804	0.25447	0.28131	
26.08	2.29	0.40679	0.25171	0.28593	
26.1	2	0.40649	0.24923	0.28872	
26.12	1.78	0.40656	0.24942	0.29002	
26.14	2	0.40734	0.24903	0.29393	
26.16	2	0.40713	0.24751	0.29561	
26.18	2	0.40686	0.24871	0.29656	
26.2	2	0.40731	0.25069	0.28907	
26.22	2	0.40655	0.25132	0.27836	
26.24	2	0.40656	0.25138	0.28294	
26.26	2	0.40676	0.25052	0.28127	
26.28	2.29	0.40629	0.24986	0.27895	
26.3	1.78	0.40581	0.24719	0.27715	
26.32	2	0.40568	0.24464	0.27328	
26.34	2	0.40578	0.24459	0.2728	
26.36	2	0.40595	0.24463	0.27379	
26.38	2	0.40646	0.2434	0.27627	
26.4	2	0.40664	0.24372	0.27704	
26.42	2	0.40685	0.24494	0.28251	
26.44	2	0.40684	0.24489	0.28902	
26.46	2	0.40594	0.24437	0.29378	
26.48	2	0.40555	0.24377	0.29683	
26.5	2	0.40518	0.24303	0.29681	
26.52	2	0.40502	0.24337	0.29772	
26.54	2	0.4052	0.24193	0.29953	
26.56	2	0.40464	0.24146	0.30358	
26.58	2	0.40441	0.24034	0.30759	
26.6	2	0.40469	0.23943	0.31158	
26.62	0.18	0.40488	0.2395	0.31662	
26.64	2	0.40525	0.23963	0.32186	
26.66	2	0.40431	0.23947	0.3243	
26.68	2	0.40411	0.23921	0.3246	
26.7	2	0.40408	0.23787	0.32652	
26.72	2	0.40398	0.23674	0.32965	
26.74	2	0.40375	0.23555	0.33001	
26.76	1.78	0.40353	0.23633	0.33468	
26.78	2	0.40334	0.23615	0.3366	
26.8	2	0.40341	0.23669	0.34042	
26.82	2	0.40407	0.23785	0.34496	
26.84	2	0.40511	0.23949	0.3505	
26.86	2	0.40595	0.2399	0.35533	
26.88	2	0.4054	0.24034	0.35409	
26.9	1.97	0.40483	0.23971	0.34983	
26.92	2	0.40484	0.23936	0.34743	
26.94	2	0.40456	0.23915	0.34733	
26.96	1.78	0.40513	0.23916	0.34772	
26.98	2	0.40548	0.23921	0.35407	
27	2	0.40557	0.23991	0.3591	
27.02	2	0.40576	0.24092	0.3664	
27.04	2	0.40585	0.24036	0.37138	
27.06	2	0.40562	0.23997	0.37189	
27.08	2	0.40608	0.24003	0.37196	
27.1	2	0.40628	0.23974	0.37453	
27.12	2	0.40685	0.24069	0.37564	
27.14	2	0.40772	0.24085	0.37608	
27.16	2	0.4082	0.24072	0.37969	
27.18	2	0.40871	0.24047	0.3828	
27.2	2	0.40956	0.24003	0.3858	
27.22	2	0.40997	0.24039	0.38993	
27.24	1.78	0.40925	0.24004	0.38982	
27.26	2	0.40809	0.23971	0.38485	
27.28	2	0.40662	0.2387	0.37229	
27.3	2	0.40508	0.23661	0.35431	
27.32	2	0.40376	0.23458	0.34434	
27.34	2	0.40354	0.23316	0.3329	
27.36	1.88	0.40395	0.23059	0.33271	
27.38	0.73	0.40357	0.22734	0.32376	
27.4	2	0.40372	0.22649	0.33153	
27.42	1.78	0.40411	0.22478	0.33545	
27.44	2	0.40371	0.22393	0.34037	
27.46	2	0.40343	0.22718	0.34803	
27.48	2	0.40273	0.22848	0.34918	
27.5	1.78	0.40249	0.22917	0.3359	
27.52	2	0.40125	0.2291	0.31363	
27.54	2	0.40076	0.22956	0.28946	
27.56	2	0.40026	0.23356	0.28589	
27.58	2	0.40035	0.23312	0.29096	
27.6	1.78	0.40213	0.23499	0.28953	
27.62	2	0.40529	0.24631	0.28703	
27.64	2	0.41716	0.2537	0.27487	
27.66	2	0.43357	0.25554	0.25762	
27.68	2	0.43798	0.25954	0.17664	
27.7	0.14	0.42694	0.27303	0.11143	
27.72	2	0.41841	0.27254	0.11984	
27.74	2	0.4158	0.27138	0.14539	
27.76	1.78	0.41527	0.26138	0.16387	
27.78	2	0.41477	0.25688	0.17717	
27.8	2	0.41291	0.25835	0.21298	
27.82	1.78	0.4135	0.26098	0.23289	
27.84	2	0.41226	0.26305	0.24459	
27.86	2	0.41132	0.26013	0.25773	
27.88	1.78	0.41129	0.25844	0.26272	
27.9	2	0.4129	0.26588	0.26921	
27.92	1.97	0.41921	0.26494	0.27413	
27.94	1.78	0.42872	0.26484	0.26879	
27.96	2	0.43191	0.267	0.23571	
27.98	1.78	0.42969	0.26529	0.20005	
28	2	0.43048	0.2745	0.20555	
28.02	2	0.43544	0.27604	0.19628	
28.04	1.78	0.43174	0.27009	0.18563	
28.06	2	0.4213	0.27289	0.17415	
28.08	2	0.41818	0.27252	0.1773	
28.1	1.78	0.41791	0.26311	0.18755	
28.12	2	0.42087	0.25275	0.19891	
28.14	2	0.42058	0.24789	0.20417	
28.16	1.78	0.41782	0.25089	0.21302	
28.18	2	0.41682	0.25709	0.22749	
28.2	1.78	0.41742	0.25568	0.24624	
28.22	2	0.41964	0.25874	0.25915	
28.24	1.78	0.42039	0.26505	0.26433	
28.26	2	0.41978	0.26354	0.27191	
28.28	1.78	0.41987	0.25899	0.26844	
28.3	2	0.41967	0.26587	0.26613	
28.32	2	0.42705	0.27254	0.28175	
28.34	1.78	0.44252	0.27313	0.28334	
28.36	2	0.4431	0.26798	0.2414	
28.38	1.78	0.43417	0.26605	0.14553	
28.4	2	0.42263	0.26634	0.14729	
28.42	1.78	0.41377	0.25936	0.15956	
28.44	2	0.40973	0.24306	0.18611	
28.46	1.78	0.40862	0.23165	0.20754	
28.48	2	0.40818	0.23106	0.22923	
28.5	2	0.40891	0.23081	0.24022	
28.52	1.78	0.40836	0.22973	0.24681	
28.54	2	0.40571	0.22872	0.24847	
28.56	1.78	0.40363	0.2286	0.26235	
28.58	2	0.40304	0.22894	0.26925	
28.6	1.78	0.40283	0.22828	0.28075	
28.62	2	0.40306	0.2596	0.28934	
28.64	1.78	0.40303	0.23448	0.29691	
28.66	0.19	0.40437	0.2395	0.30974	
28.68	2	0.41012	0.24444	0.32681	
28.7	2	0.43223	0.25412	0.33884	
28.72	1.78	0.45767	0.27555	0.28408	
28.74	1.78	0.47216	0.28896	0.12367	
28.76	2	0.46557	0.29245	0.09902	
28.78	1.78	0.45841	0.28988	0.06349	
28.8	1.78	0.43877	0.28217	0.06998	
28.82	2	0.4257	0.2742	0.08094	
28.84	1.78	0.42099	0.25785	0.09124	
28.86	2	0.42038	0.24176	0.09752	
28.88	1.78	0.41979	0.23831	0.10544	
28.9	1.78	0.41942	0.23907	0.11398	
28.92	2	0.41906	0.23919	0.12175	
28.94	1.78	0.41705	0.23913	0.13039	
28.96	1.78	0.41544	0.23951	0.13876	
28.98	2	0.41489	0.24089	0.14631	
29	1.73	0.41405	0.24601	0.15228	
29.02	2	0.41342	0.24742	0.15712	
29.04	1.78	0.41353	0.24048	0.16676	
29.06	2	0.41439	0.24098	0.17777	
29.08	1.78	0.41727	0.24054	0.18851	
29.1	2	0.42026	0.24038	0.19949	
29.12	1.78	0.41949	0.24286	0.21189	
29.14	1.78	0.41324	0.24584	0.23099	
29.16	2	0.41157	0.24777	0.23171	
29.18	1.78	0.41144	0.24052	0.24556	
29.2	1.78	0.41108	0.23703	0.25627	
29.22	2	0.41119	0.23778	0.26656	
29.24	1.78	0.411	0.23889	0.27685	
29.26	1.78	0.4113	0.24022	0.28624	
29.28	2	0.41014	0.23892	0.29675	
29.3	1.78	0.41005	0.23826	0.30403	
29.32	1.78	0.40972	0.23851	0.30927	
29.34	2	0.40984	0.23893	0.3166	
29.36	1.78	0.4101	0.23873	0.3276	
29.38	1.78	0.41034	0.23877	0.33299	
29.4	1.78	0.41009	0.2388	0.34078	
29.42	2	0.40986	0.23878	0.34695	
29.44	1.78	0.40935	0.23897	0.35048	
29.46	2	0.40893	0.23716	0.35147	
29.48	1.78	0.4084	0.23637	0.34963	
29.5	1.78	0.40821	0.23402	0.34984	
29.52	2	0.40807	0.23129	0.35442	
29.54	1.78	0.40767	0.22982	0.35529	
29.56	1.78	0.40757	0.23041	0.36062	
29.58	2	0.4075	0.23143	0.36896	
29.6	1.78	0.40736	0.23349	0.38133	
29.62	1.78	0.40762	0.23625	0.39338	
29.64	0.18	0.40796	0.2399	0.40437	
29.66	1.78	0.40861	0.24112	0.41356	
29.68	1.78	0.40884	0.24157	0.41936	
29.7	2	0.40902	0.24126	0.42506	
29.72	1.78	0.4093	0.24172	0.42631	
29.74	1.78	0.40847	0.2419	0.4202	
29.76	1.78	0.40952	0.24154	0.42865	
29.78	1.78	0.409	0.24094	0.43033	
29.8	1.78	0.40905	0.24049	0.42948	
29.82	2	0.40912	0.24023	0.42636	
29.84	1.78	0.40848	0.23759	0.42578	
29.86	1.78	0.4086	0.23641	0.42183	
29.88	1.78	0.40889	0.23658	0.41514	
29.9	1.78	0.40931	0.23687	0.41632	
29.92	1.78	0.40908	0.23724	0.42199	
29.94	1.78	0.40938	0.23935	0.4339	
29.96	2	0.41009	0.24062	0.43946	
29.98	1.78	0.41038	0.24145	0.44033	
30	1.78	0.4103	0.24227	0.43853	
30.02	1.75	0.40995	0.24202	0.43742	
30.04	2	0.41006	0.24185	0.43654	
30.06	1.78	0.4101	0.24084	0.43531	
30.08	1.78	0.40957	0.24078	0.43092	
30.1	1.78	0.4093	0.23996	0.42511	
30.12	1.78	0.40889	0.23792	0.42008	
30.14	1.78	0.40857	0.26436	0.41534	
30.16	1.78	0.40843	0.23763	0.41221	
30.18	1.78	0.40939	0.23737	0.41747	
30.2	1.78	0.40969	0.23748	0.42646	
30.22	2	0.40971	0.2388	0.42955	
30.24	1.78	0.41036	0.23914	0.42583	
30.26	1.78	0.4089	0.23929	0.42173	
30.28	1.78	0.40907	0.24029	0.41489	
30.3	1.78	0.40984	0.23957	0.41569	
30.32	1.78	0.40972	0.24069	0.41891	
30.34	1.78	0.41012	0.24186	0.42383	
30.36	1.78	0.41087	0.24243	0.4243	
30.38	1.78	0.41074	0.24276	0.43077	
30.4	1.78	0.41072	0.24278	0.43124	
30.42	1.68	0.4111	0.24386	0.43336	
30.44	2	0.41154	0.24422	0.42808	
30.46	1.78	0.41176	0.24356	0.43359	
30.48	1.78	0.411	0.24297	0.43211	
30.5	1.78	0.41008	0.2423	0.43199	
30.52	1.78	0.41015	0.24272	0.42785	
30.54	1.78	0.41005	0.24072	0.42514	
30.56	1.78	0.41043	0.23999	0.42216	
30.58	1.78	0.41061	0.23978	0.42477	
30.6	0.18	0.41126	0.24194	0.42296	
30.62	1.78	0.41239	0.24399	0.42522	
30.64	1.78	0.41218	0.24391	0.42933	
30.66	1.78	0.41131	0.24445	0.43569	
30.68	1.78	0.41137	0.24348	0.44047	
30.7	1.6	0.41172	0.24348	0.43645	
30.72	1.78	0.41173	0.24357	0.44273	
30.74	1.78	0.41185	0.24281	0.4393	
30.76	1.78	0.412	0.24272	0.43918	
30.78	1.78	0.41255	0.25586	0.43965	
30.8	1.6	0.41265	0.24379	0.44065	
30.82	1.78	0.41241	0.24309	0.43876	
30.84	1.78	0.41239	0.24334	0.43782	
30.86	1.78	0.41238	0.24276	0.43806	
30.88	1.6	0.41481	0.24289	0.42344	
30.9	1.78	0.41441	0.24344	0.43611	
30.92	1.78	0.41377	0.24374	0.43568	
30.94	1.6	0.41324	0.24397	0.43958	
30.96	1.78	0.4139	0.2447	0.43817	
30.98	1.78	0.41501	0.24473	0.44024	
31	1.78	0.41559	0.24504	0.43892	
31.02	1.78	0.41545	0.24642	0.43856	
31.04	1.73	0.41502	0.24665	0.43604	
31.06	1.78	0.41499	0.24624	0.43607	
31.08	1.6	0.41608	0.24647	0.43825	
31.1	1.78	0.41594	0.25458	0.44462	
31.12	1.78	0.41524	0.27883	0.44423	
31.14	1.6	0.41517	0.28619	0.44165	
31.16	1.78	0.41941	0.24775	0.43119	
31.18	1.78	0.41592	0.24803	0.43431	
31.2	1.78	0.41625	0.24728	0.41839	
31.22	1.6	0.41461	0.24592	0.42568	
31.24	1.78	0.41509	0.24542	0.41912	
31.26	1.78	0.41379	0.24579	0.42196	
31.28	1.6	0.41339	0.24585	0.42018	
31.3	1.78	0.41309	0.24547	0.42817	
31.32	1.6	0.41389	0.24768	0.42784	
31.34	1.78	0.41421	0.24808	0.43208	
31.36	1.6	0.41346	0.24811	0.43316	
31.38	1.78	0.41299	0.2477	0.43024	
31.4	1.78	0.41281	0.24633	0.42518	
31.42	1.6	0.41163	0.24401	0.4213	
31.44	1.78	0.41102	0.25977	0.41664	
31.46	1.78	0.41066	0.24522	0.41359	
31.48	1.6	0.40995	0.18684	0.41311	
31.5	1.78	0.41013	0.27225	0.41748	
31.52	1.78	0.41093	0.23838	0.42496	
31.54	1.6	0.4109	0.24191	0.41712	
31.56	1.78	0.41382	0.24347	0.43543	
31.58	0.18	0.4117	0.24495	0.45215	
31.6	1.78	0.41592	0.24629	0.41667	
31.62	1.6	0.41294	0.2463	0.44678	
31.64	1.78	0.41305	0.28547	0.45001	
31.66	1.6	0.41135	0.24587	0.45361	
31.68	1.78	0.40951	0.24498	0.4514	
31.7	1.6	0.41408	0.24484	0.46131	
31.72	1.78	0.41348	0.24466	0.45937	
31.74	1.6	0.41332	0.24432	0.45929	
31.76	1.6	0.41309	0.24348	0.46317	
31.78	1.78	0.41307	0.24299	0.46605	
31.8	1.6	0.41317	0.2427	0.46927	
31.82	1.78	0.41313	0.24324	0.47457	
31.84	1.6	0.4134	0.24308	0.47841	
31.86	1.6	0.41382	0.243	0.48121	
31.88	1.78	0.41399	0.24296	0.48559	
31.9	1.6	0.41383	0.24307	0.48868	
31.92	1.78	0.41377	0.24255	0.49039	
31.94	1.6	0.41398	0.24233	0.48954	
31.96	1.78	0.41393	0.24254	0.49014	
31.98	1.58	0.41396	0.24222	0.49019	
32	1.75	0.41394	0.24274	0.49068	
32.02	1.6	0.41404	0.24287	0.48927	
32.04	1.78	0.41446	0.2431	0.49243	
32.06	1.6	0.41437	0.2426	0.4965	
32.08	1.6	0.41441	0.24261	0.4996	
32.1	1.78	0.41377	0.24321	0.50211	
32.12	1.6	0.41339	0.23926	0.49784	
32.14	1.6	0.41436	0.23739	0.49114	
32.16	1.78	0.41506	0.24488	0.4829	
32.18	1.6	0.41618	0.24436	0.47749	
32.2	1.78	0.41661	0.24481	0.47486	
32.22	1.6	0.41711	0.24556	0.4723	
32.24	1.6	0.41434	0.24465	0.47767	
32.26	1.6	0.41572	0.24536	0.4657	
32.28	1.78	0.4159	0.24501	0.47014	
32.3	1.6	0.41579	0.24587	0.47338	
32.32	1.6	0.41547	0.2455	0.47362	
32.34	1.6	0.41575	0.24543	0.46987	
32.36	1.6	0.41605	0.24529	0.47288	
32.38	1.78	0.41697	0.2454	0.47245	
32.4	1.6	0.41681	0.24554	0.47708	
32.42	1.6	0.41769	0.24583	0.47653	
32.44	1.6	0.41769	0.24591	0.47975	
32.46	1.78	0.41752	0.24617	0.48133	
32.48	1.6	0.4177	0.24547	0.48128	
32.5	1.6	0.41772	0.24537	0.4818	
32.52	1.6	0.41828	0.24582	0.48257	
32.54	0.41	0.41828	0.24667	0.4886	
32.56	1.6	0.41866	0.24732	0.48758	
32.58	1.6	0.41995	0.24661	0.48542	
32.6	1.78	0.4201	0.24592	0.48585	
32.62	1.6	0.41945	0.24402	0.48129	
32.64	1.6	0.41799	0.24072	0.46012	
32.66	0.18	0.41627	0.23864	0.44797	
32.68	1.78	0.41548	0.23669	0.43169	
32.7	1.6	0.41683	0.23799	0.42431	
32.72	1.6	0.42104	0.23513	0.40254	
32.74	1.6	0.42469	0.2314	0.37492	
32.76	1.6	0.42574	0.22561	0.33864	
32.78	1.6	0.42695	0.22291	0.28094	
32.8	1.45	0.42246	0.22277	0.28158	
32.82	1.6	0.41956	0.22135	0.29643	
32.84	1.6	0.4155	0.22118	0.30579	
32.86	1.58	0.4116	0.21903	0.32127	
32.88	1.6	0.41033	0.21945	0.33444	
32.9	1.46	0.41057	0.22108	0.33448	
32.92	1.6	0.41007	0.22398	0.34308	
32.94	1.45	0.41049	0.22724	0.3505	
32.96	1.6	0.41219	0.23034	0.35217	
32.98	1.45	0.41315	0.2345	0.33408	
33	1.6	0.41355	0.23672	0.32935	
33.02	1.6	0.41468	0.24038	0.32142	
33.04	1.45	0.41579	0.2469	0.31319	
33.06	1.6	0.41685	0.25108	0.30862	
33.08	1.6	0.41797	0.25538	0.31033	
33.1	1.45	0.42002	0.25918	0.29445	
33.12	1.6	0.42161	0.26162	0.27573	
33.14	1.45	0.42272	0.2638	0.26426	
33.16	1.6	0.42437	0.27051	0.25561	
33.18	1.45	0.42505	0.26433	0.25519	
33.2	1.6	0.4257	0.26379	0.25525	
33.22	1.46	0.42659	0.26683	0.25051	
33.24	1.6	0.42722	0.26716	0.24358	
33.26	1.6	0.42682	0.26425	0.21959	
33.28	1.46	0.42542	0.26127	0.2367	
33.3	1.6	0.42351	0.25616	0.23594	
33.32	1.45	0.42148	0.25479	0.2442	
33.34	1.6	0.4199	0.25449	0.25431	
33.36	1.45	0.41881	0.25155	0.26817	
33.38	1.6	0.41738	0.24815	0.27469	
33.4	1.45	0.41583	0.24674	0.27501	
33.42	1.6	0.41458	0.24568	0.26694	
33.44	1.45	0.41327	0.24399	0.27589	
33.46	1.6	0.41316	0.23849	0.28465	
33.48	1.46	0.41252	0.23143	0.29109	
33.5	1.6	0.4108	0.22755	0.28938	
33.52	1.6	0.40875	0.22228	0.29378	
33.54	1.46	0.40511	0.21849	0.30377	
33.56	1.6	0.40191	0.21879	0.3154	
33.58	1.45	0.3995	0.21843	0.32826	
33.6	1.6	0.3983	0.21802	0.34114	
33.62	1.6	0.39814	0.21853	0.35711	
33.64	0.2	0.39779	0.21452	0.36991	
33.66	1.6	0.39795	0.21541	0.37868	
33.68	1.6	0.39776	0.2162	0.38619	
33.7	1.45	0.39939	0.21495	0.37802	
33.72	1.6	0.39994	0.21557	0.37577	
33.74	1.44	0.40165	0.21879	0.33492	
33.76	1.45	0.40394	0.22144	0.32771	
33.78	1.46	0.40469	0.22582	0.33528	
33.8	1.44	0.40582	0.22587	0.34965	
33.82	1.44	0.40901	0.23075	0.36015	
33.84	1.32	0.42538	0.2334	0.3671	
33.86	1.33	0.46637	0.24269	0.31963	
33.88	1.32	0.52226	0.2565	0.25593	
33.9	1.23	0.57804	0.26929	0.19053	
33.92	1.33	0.61469	0.27976	0.14706	
33.94	1.33	0.63595	0.28463	0.14706	
33.96	1.33	0.65041	0.2958	0.15043	
33.98	1.46	0.65257	0.32308	0.11297	
34	1.33	0.63646	0.34494	0.06558	
34.02	1.45	0.60863	0.35588	0.04616	
34.04	1.44	0.57692	0.35825	0.05703	
34.06	1.33	0.55014	0.34743	0.07799	
34.08	1.33	0.53434	0.32969	0.09212	
34.1	1.45	0.52987	0.32435	0.11408	
34.12	1.33	0.53111	0.32051	0.12933	
34.14	1.46	0.53016	0.30785	0.14261	
34.16	1.33	0.5194	0.30431	0.14276	
34.18	1.45	0.49964	0.31744	0.15528	
34.2	1.33	0.49086	0.32273	0.14945	
34.22	1.45	0.49228	0.31567	0.14294	
34.24	1.33	0.49153	0.30722	0.15193	
34.26	1.33	0.4978	0.31629	0.15976	
34.28	1.33	0.50973	0.31749	0.14403	
34.3	1.23	0.52126	0.31127	0.13754	
34.32	1.14	0.53519	0.30527	0.14146	
34.34	1.13	0.55699	0.32536	0.12733	
34.36	0.99	0.58137	0.33693	0.0898	
34.38	1.07	0.6162	0.34475	0.04282	
34.4	0.93	0.67363	0.36168	0.03958	
34.42	0.94	0.75438	0.38372	0.04294	
34.44	0.89	0.82198	0.40893	0.04403	
34.46	0.84	0.86517	0.43283	0.03458	
34.48	0.84	0.88768	0.45336	0.04169	
34.5	0.79	0.91202	0.47914	0.05312	
34.52	0.76	0.9394	0.51201	0.06354	
34.54	0.83	0.96944	0.54172	0.07285	
34.56	0.8	1.00081	0.56769	0.08048	
34.58	0.8	1.03098	0.59194	0.08687	
34.6	0.26	1.05088	0.63303	0.08805	
34.62	0.76	1.05751	0.64196	0.08718	
34.64	0.64	1.06196	0.66584	0.08734	
34.66	0.57	1.07514	0.68775	0.08871	
34.68	0.5	1.10048	0.70345	0.09159	
34.7	0.34	1.09261	0.72213	0.09526	

